0 0.351596
0.395126 0.141976
0.790252 0.204798
1.18538 0.292116
1.5805 0.11612
1.97563 0.24237
2.37076 0.22651
2.76588 0.110651
3.16101 0.256737
3.55613 0.288461
3.95126 0.0587991
4.34638 0.348817
4.74151 0.209013
5.13664 0.221853
5.53176 0.310779
5.92689 0.155395
6.32201 0.241807
6.71714 0.284523
7.11227 0.11213
7.50739 0.261626
7.90252 0.369572
8.29764 0.0938673
8.69277 0.407508
9.0879 0.269854
9.48302 0.154952
9.87815 0.474297
10.2733 0.0905361
10.6684 0.223989
11.0635 0.429612
11.4587 0.020987
11.8538 0.332427
12.2489 0.332265
12.644 0.043153
13.0392 0.398944
13.4343 0.26395
13.8294 0.159644
14.2245 0.429201
14.6197 0.150856
15.0148 0.266071
15.4099 0.385134
15.805 0.0371488
16.2002 0.297177
16.5953 0.363233
16.9904 0.0284399
17.3855 0.398571
17.7807 0.341531
18.1758 0.207738
18.5709 0.437195
18.966 0.260569
19.3612 0.378674
19.7563 0.424944
20.1514 0.126913
20.5465 0.45212
20.9417 0.348977
21.3368 0.133255
21.7319 0.486427
22.127 0.241891
22.5222 0.309219
22.9173 0.445483
23.3124 0.113543
23.7076 0.368726
24.1027 0.268354
24.4978 0.0822066
24.8929 0.338681
25.2881 0.278152
25.6832 0.0265793
26.0783 0.417173
26.4734 0.248336
26.8686 0.145782
27.2637 0.330225
27.6588 0.126887
28.0539 0.185073
28.4491 0.369495
28.8442 0.0496387
29.2393 0.29179
29.6344 0.247585
30.0296 0.188389
30.4247 0.344536
30.8198 0.0884966
31.2149 0.301988
31.6101 0.260775
32.0052 0.0564263
32.4003 0.203399
32.7954 0.262131
33.1906 0.147299
33.5857 0.13459
33.9808 0.222679
34.376 0.0734728
34.7711 0.29887
35.1662 0.334859
35.5613 0.141969
35.9565 0.203777
36.3516 0.289359
36.7467 0.060626
37.1418 0.333798
37.537 0.174934
37.9321 0.192111
38.3272 0.285634
38.7223 0.272018
39.1175 0.235324
39.5126 0.101654
39.9077 0.435402
40.3028 0.0543423
40.698 0.403721
41.0931 0.277087
41.4882 0.0337666
41.8833 0.552415
42.2785 0.454257
42.6736 0.75206
43.0687 0.134483
43.4638 0.551027
43.859 0.206141
44.2541 0.205449
44.6492 0.52434
45.0444 0.585057
45.4395 0.734333
45.8346 0.638288
46.2297 1.13673
46.6249 0.855422
47.02 1.2329
47.4151 2.15475
47.8102 1.11691
48.2054 0.884186
48.6005 3.16774
48.9956 2.92274
49.3907 4.35305
49.7859 1.98483
50.181 1.1675
50.5761 0.35464
50.9712 0.842405
51.3664 0.918974
51.7615 0.911873
52.1566 0.95762
52.5517 0.801292
52.9469 0.335485
53.342 0.245494
53.7371 0.251828
54.1322 0.154115
54.5274 0.04243
54.9225 0.444515
55.3176 0.698032
55.7127 0.410043
56.1079 1.24378
56.503 0.252352
56.8981 1.12094
57.2933 0.87529
57.6884 0.780612
58.0835 1.03535
58.4786 0.668349
58.8738 0.862525
59.2689 1.23277
59.664 0.733351
60.0591 1.20012
60.4543 0.787818
60.8494 1.00747
61.2445 0.904539
61.6396 0.443834
62.0348 0.557427
62.4299 0.247294
62.825 0.28666
63.2201 0.189697
63.6153 1.18381
64.0104 0.849558
64.4055 1.23161
64.8006 1.37518
65.1958 1.43732
65.5909 1.98519
65.986 1.34396
66.3811 1.67544
66.7763 1.76152
67.1714 1.43855
67.5665 1.54241
67.9617 0.887308
68.3568 1.1637
68.7519 0.717767
69.147 1.00915
69.5422 0.879594
69.9373 0.910817
70.3324 1.42783
70.7275 0.539443
71.1227 1.14703
71.5178 1.03962
71.9129 0.714113
72.308 0.946673
72.7032 0.745504
73.0983 0.617642
73.4934 1.24929
73.8885 0.718649
74.2837 1.51776
74.6788 2.29947
75.0739 2.79462
75.469 1.72702
75.8642 1.26384
76.2593 1.09913
76.6544 1.20428
77.0495 0.887144
77.4447 1.03877
77.8398 0.898832
78.2349 0.493331
78.6301 0.498562
79.0252 0.998466
79.4203 0.538979
79.8154 1.36135
80.2106 1.74461
80.6057 1.75871
81.0008 2.344
81.3959 2.54368
81.7911 1.45765
82.1862 5.72486
82.5813 2.45238
82.9764 2.73877
83.3716 1.31993
83.7667 1.30294
84.1618 1.56444
84.5569 1.22539
84.9521 1.42731
85.3472 1.16246
85.7423 1.12733
86.1374 0.986024
86.5326 1.67411
86.9277 1.81526
87.3228 1.58446
87.7179 2.33157
88.1131 1.77458
88.5082 2.50084
88.9033 2.34463
89.2984 1.63236
89.6936 2.05639
90.0887 2.16121
90.4838 1.4574
90.879 1.66924
91.2741 1.36048
91.6692 1.7125
92.0643 2.18481
92.4595 1.79014
92.8546 2.56363
93.2497 2.71601
93.6448 2.5491
94.04 3.50886
94.4351 3.30786
94.8302 3.1755
95.2253 3.7286
95.6205 2.90399
96.0156 3.02922
96.4107 2.82879
96.8058 1.31644
97.201 2.60294
97.5961 3.45259
97.9912 3.31304
98.3863 4.69058
98.7815 4.14442
99.1766 4.62733
99.5717 4.93778
99.9668 3.54775
100.362 2.84945
100.757 1.24939
101.152 1.37248
101.547 3.09848
101.942 8.16975
102.338 10.8502
102.733 15.0573
103.128 20.2038
103.523 24.5954
103.918 30.807
104.313 35.3247
104.708 40.5001
105.103 45.3515
105.499 48.0725
105.894 52.2011
106.289 52.9909
106.684 51.533
107.079 49.2685
107.474 41.8296
107.869 35.0752
108.264 26.0414
108.66 18.3064
109.055 14.8194
109.45 9.51356
109.845 10.5134
110.24 11.0072
110.635 10.1304
111.03 11.6569
111.425 11.7097
111.821 10.0849
112.216 11.7061
112.611 8.51022
113.006 8.07424
113.401 7.24516
113.796 3.59199
114.191 3.93997
114.587 3.90367
114.982 3.03543
115.377 4.22791
115.772 5.41615
116.167 4.29185
116.562 7.58562
116.957 7.27277
117.352 6.60733
117.748 8.40035
118.143 6.68397
118.538 6.28392
118.933 7.84603
119.328 6.65481
119.723 8.80523
120.118 10.7639
120.513 9.31641
120.909 12.6492
121.304 12.4271
121.699 12.0152
122.094 15.9872
122.489 12.6768
122.884 13.9636
123.279 13.5767
123.674 9.50033
124.07 12.1657
124.465 11.1053
124.86 9.26383
125.255 10.5463
125.65 7.35885
126.045 7.78165
126.44 12.9771
126.835 9.61602
127.231 10.419
127.626 16.8459
128.021 10.5042
128.416 17.4107
128.811 22.5436
129.206 14.7319
129.601 33.4349
129.996 32.4615
130.392 23.9496
130.787 154.318
131.182 200.706
131.577 55.5826
131.972 56.3834
132.367 22.0754
132.762 21.8485
133.157 23.8999
133.553 10.9047
133.948 16.0041
134.343 13.3593
134.738 7.10722
135.133 10.2613
135.528 5.20508
135.923 3.90316
136.318 6.01553
136.714 2.52832
137.109 2.45372
137.504 5.77964
137.899 2.85146
138.294 3.84485
138.689 2.67931
139.084 1.71183
139.479 3.64075
139.875 3.88223
140.27 2.39016
140.665 4.23244
141.06 3.72079
141.455 3.90481
141.85 5.34206
142.245 4.50841
142.64 5.36434
143.036 6.08235
143.431 4.81303
143.826 6.48778
144.221 5.09471
144.616 5.65825
145.011 4.47559
145.406 3.38714
145.801 2.94087
146.197 2.56268
146.592 1.89304
146.987 1.72183
147.382 0.613723
147.777 1.61727
148.172 1.12966
148.567 1.21079
148.962 0.651944
149.358 0.731905
149.753 1.59015
150.148 0.308201
150.543 0.838015
150.938 1.30323
151.333 0.821532
151.728 0.745079
152.123 1.76437
152.519 2.01125
152.914 2.23376
153.309 2.68854
153.704 3.23438
154.099 3.55867
154.494 3.09941
154.889 3.65709
155.284 4.75898
155.68 3.93351
156.075 4.90145
156.47 3.85738
156.865 4.28694
157.26 5.00993
157.655 4.03761
158.05 5.05624
158.445 5.58518
158.841 6.18855
159.236 6.886
159.631 5.68067
160.026 7.87732
160.421 7.03809
160.816 8.41083
161.211 9.95708
161.606 9.29987
162.002 12.3591
162.397 11.368
162.792 12.8066
163.187 17.5613
163.582 12.026
163.977 37.5946
164.372 42.4819
164.767 98.2022
165.163 82.2712
165.558 35.286
165.953 27.9197
166.348 21.1715
166.743 14.9629
167.138 16.042
167.533 11.5967
167.929 10.3555
168.324 10.481
168.719 7.7465
169.114 9.02268
169.509 6.49751
169.904 6.19367
170.299 5.99172
170.694 4.30707
171.09 4.29171
171.485 3.72823
171.88 3.58087
172.275 3.54918
172.67 2.8951
173.065 2.78791
173.46 3.02714
173.855 2.27811
174.251 2.76511
174.646 1.45246
175.041 1.46581
175.436 1.6291
175.831 1.24974
176.226 0.334796
176.621 2.52862
177.016 2.07846
177.412 2.95542
177.807 3.28776
178.202 4.2632
178.597 4.23743
178.992 3.67562
179.387 4.51543
179.782 3.8716
180.177 3.95947
180.573 4.24777
180.968 3.90072
181.363 4.43737
181.758 5.19843
182.153 6.24003
182.548 5.86528
182.943 5.9759
183.338 6.42328
183.734 7.05135
184.129 7.32166
184.524 8.23165
184.919 8.53899
185.314 9.12988
185.709 8.7807
186.104 8.38645
186.499 8.29001
186.895 8.20353
187.29 9.35822
187.685 9.49041
188.08 10.0843
188.475 10.6378
188.87 11.738
189.265 11.8636
189.66 12.4329
190.056 14.1633
190.451 14.1586
190.846 14.9753
191.241 14.9507
191.636 15.0807
192.031 17.659
192.426 19.6451
192.821 24.9415
193.217 28.0276
193.612 36.7956
194.007 50.402
194.402 70.0314
194.797 137.52
195.192 172.462
195.587 105.43
195.982 76.153
196.378 53.2259
196.773 45.3806
197.168 34.1142
197.563 30.5758
197.958 26.3008
198.353 21.3935
198.748 21.0704
199.143 17.9887
199.539 17.5305
199.934 16.2841
200.329 16.3507
200.724 16.5664
201.119 15.0507
201.514 17.1982
201.909 16.0112
202.304 16.3805
202.7 16.9818
203.095 16.0488
203.49 17.0209
203.885 15.692
204.28 16.001
204.675 15.2149
205.07 15.4785
205.465 14.9874
205.861 14.4282
206.256 14.7613
206.651 13.6199
207.046 14.6305
207.441 15.021
207.836 13.6381
208.231 13.7509
208.626 11.7888
209.022 9.87655
209.417 6.87955
209.812 4.43511
210.207 4.18884
210.602 5.86431
210.997 8.87493
211.392 13.7096
211.787 17.031
212.183 21.5762
212.578 24.5458
212.973 27.215
213.368 29.0337
213.763 30.6929
214.158 31.5846
214.553 30.9726
214.948 31.1174
215.344 31.0865
215.739 29.503
216.134 29.1652
216.529 28.3128
216.924 26.7427
217.319 23.9668
217.714 21.3834
218.109 18.3907
218.505 14.4395
218.9 11.7969
219.295 9.37594
219.69 8.15249
220.085 6.89193
220.48 6.69907
220.875 7.27678
221.27 7.58091
221.666 8.99864
222.061 10.1134
222.456 11.5427
222.851 11.0132
223.246 13.4088
223.641 14.4406
224.036 13.9303
224.432 14.1266
224.827 13.0809
225.222 11.3217
225.617 8.74963
226.012 6.96272
226.407 6.53038
226.802 5.86436
227.197 6.76478
227.593 7.91377
227.988 8.66109
228.383 9.5509
228.778 9.89528
229.173 11.1596
229.568 10.3198
229.963 9.90617
230.358 8.99268
230.754 8.0009
231.149 6.90068
231.544 4.73132
231.939 3.13165
232.334 2.93292
232.729 4.86437
233.124 6.80174
233.519 8.88486
233.915 10.4722
234.31 12.439
234.705 13.3082
235.1 12.3934
235.495 12.0188
235.89 10.9545
236.285 9.93393
236.68 8.04186
237.076 6.13089
237.471 4.41115
237.866 3.12565
238.261 3.65916
238.656 3.96702
239.051 5.56267
239.446 6.77213
239.841 8.30187
240.237 8.81416
240.632 9.82431
241.027 10.9782
241.422 8.25965
241.817 8.04543
242.212 6.40781
242.607 5.00661
243.002 3.42115
243.398 1.71993
243.793 1.0729
244.188 1.87015
244.583 4.552
244.978 5.39384
245.373 6.05394
245.768 6.43507
246.163 4.04139
246.559 8.24651
246.954 8.92855
247.349 9.17567
247.744 7.71105
248.139 9.20859
248.534 9.64005
248.929 7.63867
249.324 6.35273
249.72 3.29048
250.115 3.61
250.51 4.20546
250.905 8.17117
251.3 10.1505
251.695 13.0828
252.09 15.6913
252.485 13.8573
252.881 15.7171
253.276 12.9252
253.671 11.2199
254.066 11.8074
254.461 6.66163
254.856 7.49764
255.251 2.33221
255.646 3.26488
256.042 2.11522
256.437 6.28772
256.832 7.89308
257.227 11.4624
257.622 16.5448
258.017 13.359
258.412 18.5851
258.807 19.7423
259.203 17.7309
259.598 22.6949
259.993 16.5881
260.388 19.2764
260.783 16.4719
261.178 6.18517
261.573 15.9987
261.968 9.15933
262.364 77.4551
262.759 225.324
263.154 183.668
263.549 76.38
263.944 69.1028
264.339 49.5963
264.734 29.6903
265.129 31.6918
265.525 18.4356
265.92 15.236
266.315 13.9627
266.71 3.11169
267.105 4.25497
267.5 5.82176
267.895 6.1603
268.29 8.08562
268.686 12.9758
269.081 9.48439
269.476 11.993
269.871 13.6599
270.266 11.4049
270.661 12.8358
271.056 7.7214
271.451 8.32833
271.847 6.74439
272.242 3.52349
272.637 3.48379
273.032 2.10556
273.427 1.25967
273.822 2.3263
274.217 5.48393
274.612 5.35644
275.008 7.33274
275.403 6.4195
275.798 5.49672
276.193 7.85679
276.588 5.59846
276.983 5.30557
277.378 5.51166
277.773 2.79727
278.169 4.85337
278.564 2.28099
278.959 1.7526
279.354 3.2186
279.749 3.77648
280.144 2.35812
280.539 4.89039
280.935 2.98384
281.33 4.48173
281.725 5.10339
282.12 4.65938
282.515 6.2926
282.91 5.53246
283.305 3.69706
283.7 5.94754
284.096 3.62123
284.491 3.25869
284.886 3.34114
285.281 1.44489
285.676 1.52992
286.071 2.05385
286.466 1.57691
286.861 2.85776
287.257 4.87129
287.652 4.85791
288.047 6.21125
288.442 5.24193
288.837 4.48725
289.232 4.76612
289.627 2.6395
290.022 2.77499
290.418 1.22568
290.813 0.531223
291.208 0.888822
291.603 2.8202
291.998 1.73011
292.393 3.6399
292.788 3.57494
293.183 3.94966
293.579 4.91384
293.974 4.10112
294.369 4.01911
294.764 3.46454
295.159 3.05503
295.554 3.34943
295.949 2.84835
296.344 1.62438
296.74 2.63065
297.135 2.88089
297.53 3.12952
297.925 4.13156
298.32 3.80616
298.715 4.41712
299.11 3.99846
299.505 2.64674
299.901 2.90993
300.296 2.53578
300.691 2.32367
301.086 2.63554
301.481 1.22136
301.876 1.85269
302.271 2.3265
302.666 1.59196
303.062 1.89049
303.457 1.40321
303.852 0.79399
304.247 1.76565
304.642 0.868623
305.037 1.41555
305.432 0.186928
305.827 1.85041
306.223 1.16397
306.618 1.44739
307.013 1.03723
307.408 1.2595
307.803 0.410166
308.198 0.231574
308.593 0.388976
308.988 0.817686
309.384 1.18078
309.779 1.19241
310.174 1.8217
310.569 1.7477
310.964 2.98396
311.359 2.21265
311.754 2.59623
312.149 3.57199
312.545 2.48773
312.94 4.16033
313.335 2.30722
313.73 1.7031
314.125 1.4786
314.52 1.74752
314.915 1.44208
315.31 2.75674
315.706 2.16473
316.101 3.00174
316.496 4.59049
316.891 4.2111
317.286 5.61088
317.681 4.50525
318.076 6.08021
318.471 5.31114
318.867 4.65698
319.262 5.36884
319.657 4.13237
320.052 6.3444
320.447 5.05443
320.842 4.83469
321.237 4.5195
321.632 1.79739
322.028 3.35262
322.423 1.25952
322.818 0.442617
323.213 4.17062
323.608 5.40113
324.003 6.80059
324.398 10.4873
324.793 8.27516
325.189 14.1418
325.584 12.4067
325.979 15.4156
326.374 21.4842
326.769 16.5812
327.164 45.4819
327.559 68.2076
327.954 48.3248
328.35 20.7465
328.745 29.0637
329.14 16.892
329.535 25.9982
329.93 31.8968
330.325 76.1175
330.72 118.401
331.115 59.1127
331.511 44.4574
331.906 23.2291
332.301 25.3274
332.696 16.6173
333.091 14.9445
333.486 15.0657
333.881 9.23102
334.276 11.5898
334.672 8.96425
335.067 7.43719
335.462 7.15207
335.857 4.94931
336.252 6.34018
336.647 6.49302
337.042 4.60769
337.438 7.25165
337.833 5.65876
338.228 6.67773
338.623 6.68986
339.018 4.56124
339.413 5.69954
339.808 4.54941
340.203 4.79327
340.599 4.71865
340.994 2.89847
341.389 3.80207
341.784 3.21054
342.179 2.0908
342.574 3.93019
342.969 2.74911
343.364 3.968
343.76 4.16514
344.155 3.50658
344.55 5.50455
344.945 3.81696
345.34 5.61629
345.735 5.34506
346.13 4.76504
346.525 6.15332
346.921 4.99611
347.316 6.05182
347.711 4.79493
348.106 4.303
348.501 4.45671
348.896 2.712
349.291 3.06376
349.686 2.21054
350.082 1.66609
350.477 2.93932
350.872 2.15875
351.267 2.48376
351.662 3.52863
352.057 2.82576
352.452 3.75324
352.847 2.77113
353.243 2.34241
353.638 2.80571
354.033 1.99627
354.428 1.9989
354.823 0.957997
355.218 0.541636
355.613 1.48708
356.008 0.583104
356.404 0.971255
356.799 0.391175
357.194 0.573123
357.589 1.46291
357.984 0.274404
358.379 0.549617
358.774 0.812361
359.169 0.354667
359.565 0.837854
359.96 0.304309
360.355 0.77435
360.75 0.568574
361.145 1.1125
361.54 1.04529
361.935 0.323762
362.33 1.2555
362.726 0.150427
363.121 0.391307
363.516 0.494765
363.911 0.434494
364.306 0.102888
364.701 0.876307
365.096 0.445162
365.491 0.967439
365.887 0.858649
366.282 0.55705
366.677 1.41109
367.072 0.562089
367.467 1.00385
367.862 1.20365
368.257 0.478503
368.652 0.977072
369.048 0.683628
369.443 0.466441
369.838 0.843494
370.233 0.10401
370.628 0.409704
371.023 0.538299
371.418 0.287978
371.813 0.309471
372.209 0.339657
372.604 0.57884
372.999 0.136977
373.394 0.933888
373.789 0.685694
374.184 1.08354
374.579 1.00182
374.974 0.852553
375.37 1.48861
375.765 1.30864
376.16 1.39374
376.555 2.03421
376.95 1.6071
377.345 2.20812
377.74 1.52308
378.135 1.6825
378.531 1.74226
378.926 1.08842
379.321 1.46924
379.716 0.486288
380.111 1.15449
380.506 0.726579
380.901 1.20033
381.296 1.03822
381.692 0.956995
382.087 1.72158
382.482 1.34509
382.877 2.25477
383.272 2.05244
383.667 1.92964
384.062 2.75859
384.457 1.96962
384.853 2.83837
385.248 1.67464
385.643 2.01504
386.038 2.07539
386.433 1.32651
386.828 1.68646
387.223 1.3001
387.618 0.817962
388.014 1.52809
388.409 0.295404
388.804 0.928141
389.199 1.50881
389.594 0.196387
389.989 2.08774
390.384 1.03968
390.78 2.92217
391.175 1.61332
391.57 14.6873
391.965 19.0507
392.36 3.29604
392.755 8.76926
393.15 2.23956
393.545 4.82636
393.941 9.2871
394.336 6.63902
394.731 6.2458
395.126 3.42628
395.521 4.41759
395.916 2.4834
396.311 2.26318
396.706 2.46368
397.102 0.755135
397.497 1.64213
397.892 0.781443
398.287 0.667444
398.682 0.728173
399.077 0.837315
399.472 0.376203
399.867 0.234212
400.263 1.42524
400.658 0.591515
401.053 1.23643
401.448 1.38184
401.843 0.853435
402.238 1.87886
402.633 0.936569
403.028 1.26582
403.424 1.34767
403.819 0.659621
404.214 1.21002
404.609 0.750465
405.004 0.960541
405.399 1.03908
405.794 0.205995
406.189 0.806168
406.585 0.334392
406.98 0.488769
407.375 0.899348
407.77 0.765317
408.165 0.646622
408.56 0.101178
408.955 0.968088
409.35 0.300406
409.746 0.649575
410.141 0.9633
410.536 0.453195
410.931 1.34803
411.326 0.833069
411.721 1.05946
412.116 1.38135
412.511 0.877434
412.907 1.27294
413.302 0.685101
413.697 0.987498
414.092 0.58686
414.487 1.00848
414.882 1.09291
415.277 0.98549
415.672 1.58225
416.068 0.778143
416.463 1.08556
416.858 0.863066
417.253 0.669643
417.648 0.92749
418.043 0.380175
418.438 0.822534
418.833 1.05863
419.229 0.553066
419.624 0.858403
420.019 0.628888
420.414 0.590328
420.809 0.778066
421.204 0.118458
421.599 0.632984
421.994 0.290344
422.39 0.755537
422.785 0.629631
423.18 0.33191
423.575 0.792666
423.97 0.514047
424.365 1.22402
424.76 0.703762
425.155 1.41956
425.551 1.55539
425.946 1.42332
426.341 1.85972
426.736 1.0761
427.131 0.943443
427.526 0.930169
427.921 0.625259
428.316 0.795918
428.712 0.894861
429.107 0.946033
429.502 0.814449
429.897 1.52631
430.292 1.28956
430.687 1.82318
431.082 1.73482
431.477 1.99278
431.873 2.45428
432.268 1.8526
432.663 2.52826
433.058 2.13364
433.453 1.97892
433.848 1.97789
434.243 1.37318
434.638 1.77538
435.034 1.30148
435.429 0.935277
435.824 0.988443
436.219 0.413244
436.614 0.354283
437.009 0.676379
437.404 0.659427
437.799 0.675359
438.195 1.24565
438.59 0.726766
438.985 0.758113
439.38 0.718409
439.775 0.326134
440.17 0.826776
440.565 0.57432
440.96 0.444375
441.356 0.969975
441.751 0.381195
442.146 0.641127
442.541 1.01592
442.936 0.471348
443.331 0.917079
443.726 0.705996
444.121 0.756007
444.517 0.73438
444.912 0.484936
445.307 0.602445
445.702 0.377345
446.097 0.259214
446.492 0.266114
446.887 0.542161
447.283 0.426389
447.678 0.62302
448.073 0.689213
448.468 0.252943
448.863 0.64591
449.258 0.448025
449.653 0.394255
450.048 0.588011
450.444 0.242424
450.839 0.399898
451.234 0.563489
451.629 0.19309
452.024 0.487056
452.419 0.505132
452.814 0.208393
453.209 0.537646
453.605 0.56103
454 0.229042
454.395 0.718702
454.79 0.530645
455.185 0.437078
455.58 0.700271
455.975 0.192609
456.37 0.642717
456.766 0.287112
457.161 0.168746
457.556 0.552067
457.951 0.194487
458.346 0.407459
458.741 0.577926
459.136 0.0455614
459.531 0.440287
459.927 0.45374
460.322 0.123365
460.717 0.388932
461.112 0.523735
461.507 0.0953309
461.902 0.450056
462.297 0.380779
462.692 0.151956
463.088 0.267505
463.483 0.608473
463.878 0.145052
464.273 0.444544
464.668 0.559261
465.063 0.455711
465.458 0.42979
465.853 0.123783
466.249 0.422799
466.644 0.524675
467.039 0.365671
467.434 0.526099
467.829 0.310879
468.224 0.396269
468.619 0.538219
469.014 0.137358
469.41 0.34189
469.805 0.539981
470.2 0.156077
470.595 0.52117
470.99 0.416414
471.385 0.18448
471.78 0.355707
472.175 0.397044
472.571 0.131099
472.966 0.362436
473.361 0.372641
473.756 0.0798679
474.151 0.251597
474.546 0.493973
474.941 0.151825
475.336 0.149349
475.732 0.71014
476.127 0.25556
476.522 0.848351
476.917 0.572669
477.312 0.848346
477.707 1.26263
478.102 0.767416
478.497 1.24828
478.893 1.1817
479.288 1.04632
479.683 1.0024
480.078 0.467397
480.473 0.870538
480.868 0.783136
481.263 0.44748
481.658 0.997271
482.054 0.455725
482.449 0.465025
482.844 0.445543
483.239 0.247723
483.634 0.475918
484.029 0.474166
484.424 0.204566
484.819 0.482668
485.215 0.118187
485.61 0.309367
486.005 0.277024
486.4 0.527628
486.795 0.824937
487.19 0.677302
487.585 1.37045
487.98 1.33367
488.376 1.7871
488.771 1.89048
489.166 1.94531
489.561 2.75663
489.956 2.72217
490.351 2.9556
490.746 3.35211
491.141 3.07443
491.537 3.38285
491.932 3.64984
492.327 3.70172
492.722 4.60696
493.117 4.5659
493.512 4.78158
493.907 6.16114
494.302 6.3935
494.698 8.3079
495.093 13.8624
495.488 13.6477
495.883 17.4525
496.278 20.7148
496.673 11.0879
497.068 8.50872
497.463 5.33104
497.859 3.84362
498.254 3.73492
498.649 2.61637
499.044 3.05471
499.439 3.33378
499.834 2.60817
500.229 3.3808
500.624 2.94017
501.02 2.71898
501.415 3.19289
501.81 2.44651
502.205 2.80699
502.6 2.99106
502.995 2.56363
503.39 2.75451
503.786 2.02643
504.181 2.07948
504.576 2.03429
504.971 1.06925
505.366 1.57175
505.761 0.35648
506.156 0.687576
506.551 0.238864
506.947 0.876372
507.342 0.635873
507.737 1.19593
508.132 1.14879
508.527 0.646125
508.922 1.47809
509.317 0.713269
509.712 1.44413
510.108 0.673942
510.503 0.961223
510.898 0.972187
511.293 0.962655
511.688 1.98795
512.083 1.44473
512.478 3.19859
512.873 1.86761
513.269 2.66111
513.664 2.98148
514.059 2.52267
514.454 3.55409
514.849 2.55046
515.244 3.05554
515.639 2.32449
516.034 1.72962
516.43 1.82783
516.825 0.500419
517.22 1.36371
517.615 0.976718
518.01 2.85194
518.405 2.2935
518.8 4.21156
519.195 4.65976
519.591 4.40083
519.986 6.35913
520.381 4.23876
520.776 7.15162
521.171 6.40128
521.566 6.40119
521.961 7.94415
522.356 3.96274
522.752 8.11539
523.147 2.34341
523.542 14.2694
523.937 19.4622
524.332 71.77
524.727 68.6955
525.122 23.9453
525.517 32.3277
525.913 18.9256
526.308 16.572
526.703 11.0973
527.098 6.87997
527.493 6.86589
527.888 2.45231
528.283 3.74661
528.678 0.813107
529.074 2.71806
529.469 1.87145
529.864 3.42984
530.259 3.47817
530.654 3.05719
531.049 3.91537
531.444 2.78929
531.839 3.60013
532.235 2.78156
532.63 2.90162
533.025 2.30866
533.42 1.45489
533.815 2.43648
534.21 1.11423
534.605 1.869
535 0.944626
535.396 1.47949
535.791 1.23905
536.186 1.0597
536.581 1.88896
536.976 1.31158
537.371 1.93215
537.766 1.63926
538.161 1.77
538.557 2.18283
538.952 1.48307
539.347 2.0068
539.742 1.48298
540.137 1.46349
540.532 1.46803
540.927 1.28529
541.322 1.69259
541.718 0.856914
542.113 1.31557
542.508 0.71829
542.903 0.925297
543.298 0.553897
543.693 1.53463
544.088 1.16379
544.483 1.32512
544.879 2.09517
545.274 1.67069
545.669 2.32887
546.064 2.01682
546.459 2.10117
546.854 1.92025
547.249 1.46063
547.644 1.85241
548.04 1.44316
548.435 1.60102
548.83 0.669353
549.225 0.23925
549.62 0.142464
550.015 0.871271
550.41 1.05782
550.805 1.00729
551.201 1.59354
551.596 1.54118
551.991 2.03247
552.386 1.56146
552.781 1.73289
553.176 1.86351
553.571 1.44289
553.966 1.59993
554.362 0.767092
554.757 0.989752
555.152 0.779451
555.547 1.1073
555.942 1.09888
556.337 0.976079
556.732 1.30061
557.127 1.36269
557.523 1.21369
557.918 1.04787
558.313 1.45362
558.708 1.38505
559.103 1.0049
559.498 1.52122
559.893 0.875897
560.289 1.35557
560.684 1.38286
561.079 0.829902
561.474 0.589134
561.869 0.257115
562.264 0.185942
562.659 0.178386
563.054 0.589072
563.45 0.351593
563.845 0.836023
564.24 0.716333
564.635 0.649189
565.03 1.27863
565.425 0.773423
565.82 1.1417
566.215 0.670886
566.611 0.242232
567.006 0.704376
567.401 0.571837
567.796 0.372903
568.191 0.397984
568.586 0.0684965
568.981 0.169537
569.376 0.354899
569.772 0.531493
570.167 0.540285
570.562 0.498275
570.957 0.369163
571.352 0.568395
571.747 0.467387
572.142 0.162745
572.537 0.362443
572.933 0.266062
573.328 0.0616549
573.723 0.108298
574.118 0.623685
574.513 0.424249
574.908 0.57704
575.303 0.786574
575.698 0.528993
576.094 0.611803
576.489 0.804611
576.884 1.01589
577.279 1.19214
577.674 0.776841
578.069 1.08278
578.464 0.867487
578.859 0.741286
579.255 1.14539
579.65 0.665594
580.045 0.589764
580.44 0.292049
580.835 0.372603
581.23 0.316191
581.625 0.634797
582.02 0.626532
582.416 0.42641
582.811 1.13972
583.206 0.743079
583.601 1.21133
583.996 0.947878
584.391 0.441183
584.786 1.58495
585.181 0.698193
585.577 1.36581
585.972 1.59505
586.367 0.519009
586.762 2.84122
587.157 4.27232
587.552 14.8806
587.947 11.6552
588.342 2.3641
588.738 4.67446
589.133 2.36296
589.528 1.88753
589.923 2.05957
590.318 0.811335
590.713 1.50152
591.108 0.671767
591.503 0.380894
591.899 0.905947
592.294 0.115288
592.689 0.669192
593.084 0.0754984
593.479 0.767376
593.874 0.078078
594.269 0.661936
594.664 0.643443
595.06 0.521426
595.455 0.70441
595.85 0.71278
596.245 0.734507
596.64 0.533215
597.035 0.152458
597.43 0.32392
597.825 0.475248
598.221 0.137531
598.616 0.489061
599.011 0.77422
599.406 0.134432
599.801 1.06734
600.196 0.59876
600.591 0.77304
600.986 0.69473
601.382 0.380177
601.777 0.376565
602.172 0.129676
602.567 0.234063
602.962 0.0797277
603.357 0.441535
603.752 0.450541
604.147 0.637089
604.543 0.727396
604.938 0.671336
605.333 1.10143
605.728 0.92104
606.123 1.00199
606.518 0.863654
606.913 0.990659
607.308 0.794511
607.704 0.896276
608.099 0.798324
608.494 0.985044
608.889 1.01583
609.284 0.88152
609.679 0.95285
610.074 0.743186
610.469 0.642713
610.865 0.704854
611.26 0.442097
611.655 0.658816
612.05 1.04793
612.445 1.14999
612.84 1.49813
613.235 1.62842
613.63 1.79841
614.026 1.80833
614.421 1.74353
614.816 1.70423
615.211 1.51941
615.606 1.25841
616.001 1.10266
616.396 0.693791
616.792 0.648011
617.187 0.717916
617.582 0.582692
617.977 0.762577
618.372 1.10992
618.767 1.07787
619.162 0.949755
619.557 0.895035
619.953 0.766593
620.348 0.652946
620.743 0.48033
621.138 0.141275
621.533 0.388094
621.928 0.891042
622.323 0.948638
622.718 1.37314
623.114 1.33944
623.509 1.44703
623.904 1.63133
624.299 1.43959
624.694 1.56863
625.089 1.11857
625.484 0.921325
625.879 0.861738
626.275 0.427957
626.67 0.557234
627.065 0.698276
627.46 0.760934
627.855 0.873139
628.25 0.998233
628.645 1.03971
629.04 1.09536
629.436 0.822551
629.831 0.63479
630.226 0.72388
630.621 0.31196
631.016 0.293341
631.411 0.549145
631.806 0.558207
632.201 0.752351
632.597 1.09304
632.992 1.18863
633.387 1.40125
633.782 1.04577
634.177 1.18892
634.572 0.941455
634.967 0.727325
635.362 0.599276
635.758 0.335933
636.153 0.231189
636.548 0.192292
636.943 0.486732
637.338 0.487514
637.733 0.725991
638.128 0.697938
638.523 0.816352
638.919 0.76213
639.314 0.587305
639.709 0.605775
640.104 0.459879
640.499 0.278156
640.894 0.262109
641.289 0.290303
641.684 0.413931
642.08 0.634771
642.475 0.621057
642.87 0.758996
643.265 0.6931
643.66 0.634652
644.055 0.576379
644.45 0.699591
644.845 0.641392
645.241 0.537548
645.636 0.377262
646.031 0.275637
646.426 0.220804
646.821 0.355385
647.216 0.400382
647.611 0.491005
648.006 0.643402
648.402 0.664036
648.797 0.693853
649.192 0.656368
649.587 0.735252
649.982 0.789772
650.377 0.57032
650.772 0.559259
651.167 0.664396
651.563 0.468481
651.958 0.570299
652.353 0.479437
652.748 0.786897
653.143 0.899805
653.538 1.85082
653.933 2.19168
654.328 3.33926
654.724 3.58614
655.119 5.82888
655.514 10.1172
655.909 16.0646
656.304 9.82954
656.699 4.85123
657.094 7.31004
657.489 4.70326
657.885 5.02668
658.28 3.34496
658.675 3.54607
659.07 3.19271
659.465 2.82074
659.86 2.98268
660.255 2.01949
660.65 2.27271
661.046 1.23511
661.441 0.34626
661.836 1.4756
662.231 0.958815
662.626 0.965536
663.021 0.733086
663.416 1.20511
663.811 1.02897
664.207 1.4442
664.602 1.10942
664.997 1.16915
665.392 1.00974
665.787 0.662057
666.182 0.838867
666.577 0.247427
666.972 0.331961
667.368 0.28389
667.763 0.597439
668.158 0.648433
668.553 1.11747
668.948 0.700714
669.343 1.05421
669.738 1.08414
670.134 0.974864
670.529 1.11414
670.924 0.700807
671.319 0.844963
671.714 0.758654
672.109 0.39057
672.504 0.45966
672.899 0.436235
673.295 0.436704
673.69 0.705165
674.085 0.547438
674.48 0.642673
674.875 0.816639
675.27 0.609572
675.665 0.735717
676.06 0.366714
676.456 0.520737
676.851 0.434076
677.246 0.227732
677.641 0.41782
678.036 0.364364
678.431 0.119056
678.826 0.448893
679.221 0.496073
679.617 0.448554
680.012 0.678906
680.407 0.368656
680.802 0.577272
681.197 0.604836
681.592 0.493542
681.987 0.732981
682.382 0.523016
682.778 0.592194
683.173 0.653351
683.568 0.419317
683.963 0.526046
684.358 0.271623
684.753 0.208467
685.148 0.1685
685.543 0.161626
685.939 0.0633724
686.334 0.197691
686.729 0.233137
687.124 0.19451
687.519 0.272915
687.914 0.249255
688.309 0.37044
688.704 0.239615
689.1 0.0778544
689.495 0.270719
689.89 0.221256
690.285 0.241803
690.68 0.502408
691.075 0.217946
691.47 0.318483
691.865 0.352358
692.261 0.265617
692.656 0.416972
693.051 0.406371
693.446 0.475588
693.841 0.322536
694.236 0.424619
694.631 0.391708
695.026 0.385806
695.422 0.512183
695.817 0.418466
696.212 0.604944
696.607 0.414987
697.002 0.462429
697.397 0.455746
697.792 0.277889
698.187 0.400349
698.583 0.187136
698.978 0.0994036
699.373 0.304484
699.768 0.208932
700.163 0.212982
700.558 0.312023
700.953 0.15498
701.348 0.325164
701.744 0.179648
702.139 0.276425
702.534 0.150602
702.929 0.0837221
703.324 0.197063
703.719 0.0915627
704.114 0.33195
704.509 0.20782
704.905 0.403797
705.3 0.368877
705.695 0.399408
706.09 0.403202
706.485 0.246306
706.88 0.466582
707.275 0.242948
707.67 0.386624
708.066 0.300947
708.461 0.226171
708.856 0.330955
709.251 0.158718
709.646 0.25068
710.041 0.210004
710.436 0.264112
710.831 0.29804
711.227 0.191762
711.622 0.337642
712.017 0.242231
712.412 0.357949
712.807 0.347838
713.202 0.307632
713.597 0.227281
713.992 0.09261
714.388 0.17548
714.783 0.189477
715.178 0.0379532
715.573 0.168318
715.968 0.160906
716.363 0.0789822
716.758 0.25574
717.153 0.287642
717.549 0.351734
717.944 0.3056
718.339 0.227412
718.734 0.312973
719.129 0.318544
719.524 0.418148
719.919 0.198528
720.314 0.350921
720.71 0.0696045
721.105 0.0940165
721.5 0.22022
721.895 0.0873604
722.29 0.248577
722.685 0.304233
723.08 0.233658
723.475 0.364407
723.871 0.115513
724.266 0.21521
724.661 0.235626
725.056 0.121708
725.451 0.26998
725.846 0.0430117
726.241 0.031705
726.637 0.0871417
727.032 0.185451
727.427 0.11264
727.822 0.305204
728.217 0.256789
728.612 0.274457
729.007 0.420038
729.402 0.312093
729.798 0.487586
730.193 0.372025
730.588 0.438537
730.983 0.41808
731.378 0.29418
731.773 0.444162
732.168 0.251566
732.563 0.15672
732.959 0.228566
733.354 0.0675086
733.749 0.185256
734.144 0.255072
734.539 0.178343
734.934 0.186461
735.329 0.379385
735.724 0.165693
736.12 0.327856
736.515 0.288322
736.91 0.263219
737.305 0.327454
737.7 0.142918
738.095 0.278595
738.49 0.181328
738.885 0.188802
739.281 0.220965
739.676 0.148117
740.071 0.181541
740.466 0.117575
740.861 0.321959
741.256 0.271442
741.651 0.272646
742.046 0.246896
742.442 0.11515
742.837 0.142379
743.232 0.151718
743.627 0.0550392
744.022 0.114208
744.417 0.161653
744.812 0.0911726
745.207 0.0756287
745.603 0.103877
745.998 0.125729
746.393 0.299761
746.788 0.177115
747.183 0.343088
747.578 0.201303
747.973 0.201856
748.368 0.164829
748.764 0.149562
749.159 0.19505
749.554 0.0965726
749.949 0.216594
750.344 0.106371
750.739 0.109141
751.134 0.172115
751.529 0.179654
751.925 0.1404
752.32 0.13716
752.715 0.111697
753.11 0.281666
753.505 0.239574
753.9 0.338271
754.295 0.163504
754.69 0.109776
755.086 0.315706
755.481 0.299226
755.876 0.312727
756.271 0.233623
756.666 0.426044
757.061 0.377512
757.456 0.307626
757.851 0.395986
758.247 0.320398
758.642 0.539932
759.037 0.38338
759.432 0.358425
759.827 0.513208
760.222 0.448757
760.617 0.460207
761.012 0.441526
761.408 0.4387
761.803 0.27981
762.198 0.212625
762.593 0.479371
762.988 0.218631
763.383 0.249153
763.778 0.215193
764.173 0.116542
764.569 0.142691
764.964 0.152815
765.359 0.0955631
765.754 0.245481
766.149 0.382921
766.544 0.370454
766.939 0.505485
767.334 0.283784
767.73 0.571039
768.125 0.5646
768.52 0.486427
768.915 0.689013
769.31 0.368261
769.705 0.506977
770.1 0.467127
770.495 0.876662
770.891 0.839637
771.286 0.841536
771.681 1.13508
772.076 1.37305
772.471 1.12624
772.866 1.05244
773.261 0.929452
773.656 0.988517
774.052 0.610921
774.447 0.188724
774.842 0.0938477
775.237 0.491513
775.632 0.921178
776.027 1.23161
776.422 2.04821
776.817 2.82254
777.213 3.11323
777.608 4.06935
778.003 4.18834
778.398 4.81025
778.793 4.82892
779.188 4.90251
779.583 5.20173
779.978 4.77922
780.374 5.04009
780.769 4.82129
781.164 4.99539
781.559 4.97189
781.954 4.3459
782.349 5.86343
782.744 5.91041
783.14 24.1994
783.535 29.1018
783.93 12.0953
784.325 13.4751
784.72 6.83723
785.115 7.68906
785.51 3.97902
785.905 4.19637
786.301 18.263
786.696 28.3677
787.091 19.2691
787.486 5.69909
787.881 9.28197
788.276 7.72575
788.671 6.68852
789.066 7.51902
789.462 7.81406
789.857 6.97959
790.252 4.77945
790.647 4.64664
791.042 3.151
791.437 2.14981
791.832 2.57487
792.227 1.70719
792.623 1.84753
793.018 1.52334
793.413 0.909637
793.808 0.778059
794.203 0.639159
794.598 0.237913
794.993 0.660105
795.388 0.835504
795.784 0.83068
796.179 1.7218
796.574 1.47058
796.969 1.74461
797.364 1.83286
797.759 1.69371
798.154 1.88024
798.549 1.29944
798.945 1.46281
799.34 0.998286
799.735 0.496681
800.13 0.831749
800.525 0.679754
800.92 0.931454
801.315 0.870169
801.71 1.20731
802.106 1.11321
802.501 1.41407
802.896 1.24204
803.291 1.29842
803.686 1.52348
804.081 1.40819
804.476 1.89233
804.871 1.51741
805.267 1.40817
805.662 1.31651
806.057 0.963452
806.452 1.079
806.847 1.12432
807.242 1.14794
807.637 0.764071
808.032 0.7266
808.428 0.695042
808.823 0.27187
809.218 0.386109
809.613 0.491979
810.008 0.397486
810.403 0.462479
810.798 0.646257
811.193 0.546768
811.589 1.13999
811.984 1.16592
812.379 1.03678
812.774 1.23067
813.169 1.05922
813.564 1.26908
813.959 1.40629
814.354 1.43836
814.75 1.25917
815.145 0.988638
815.54 1.08976
815.935 0.874275
816.33 0.616793
816.725 0.781315
817.12 0.480993
817.515 0.367833
817.911 0.424413
818.306 0.634032
818.701 0.138395
819.096 0.0452346
819.491 0.257179
819.886 0.254865
820.281 0.156408
820.676 0.608227
821.072 0.516155
821.467 0.339027
821.862 1.06515
822.257 1.01148
822.652 1.31118
823.047 1.52806
823.442 1.65395
823.837 2.17024
824.233 2.13149
824.628 2.43748
825.023 2.80765
825.418 2.65526
825.813 3.26049
826.208 3.73953
826.603 3.96886
826.998 4.03194
827.394 3.69244
827.789 11.5863
828.184 11.0532
828.579 6.68476
828.974 4.95681
829.369 3.32586
829.764 1.96783
830.159 1.86364
830.555 1.2673
830.95 1.19066
831.345 1.08724
831.74 0.933055
832.135 1.02062
832.53 0.777627
832.925 0.652892
833.32 0.974922
833.716 0.589071
834.111 0.789238
834.506 0.936389
834.901 0.880426
835.296 0.918343
835.691 0.912553
836.086 0.867326
836.481 0.837987
836.877 0.870222
837.272 0.589543
837.667 0.764617
838.062 0.620831
838.457 0.645033
838.852 0.258586
839.247 0.24552
839.643 0.412703
840.038 0.31541
840.433 0.351387
840.828 0.287849
841.223 0.420296
841.618 0.45964
842.013 0.393489
842.408 0.452248
842.804 0.5131
843.199 0.66343
843.594 0.692821
843.989 0.906784
844.384 0.976643
844.779 0.884269
845.174 0.95129
845.569 0.913481
845.965 0.900555
846.36 0.661184
846.755 0.505258
847.15 0.579982
847.545 0.291666
847.94 0.404466
848.335 0.239359
848.73 0.583431
849.126 0.502638
849.521 0.476768
849.916 0.413527
850.311 0.45062
850.706 0.455183
851.101 0.235854
851.496 0.258605
851.891 0.118737
852.287 0.101315
852.682 0.157396
853.077 0.179115
853.472 0.304378
853.867 0.188985
854.262 0.478296
854.657 0.358234
855.052 0.275763
855.448 0.300823
855.843 0.399185
856.238 0.44272
856.633 0.431993
857.028 0.496537
857.423 0.182934
857.818 0.13778
858.213 0.170961
858.609 0.0668281
859.004 0.14194
859.399 0.262435
859.794 0.241571
860.189 0.281896
860.584 0.266783
860.979 0.17528
861.374 0.318872
861.77 0.153832
862.165 0.139317
862.56 0.3011
862.955 0.0927092
863.35 0.257148
863.745 0.247026
864.14 0.186964
864.535 0.172655
864.931 0.106277
865.326 0.281412
865.721 0.251899
866.116 0.312935
866.511 0.342038
866.906 0.301301
867.301 0.4561
867.696 0.276515
868.092 0.384389
868.487 0.313667
868.882 0.310958
869.277 0.351275
869.672 0.142394
870.067 0.181263
870.462 0.151667
870.857 0.0723319
871.253 0.090323
871.648 0.175387
872.043 0.114234
872.438 0.306148
872.833 0.224331
873.228 0.27981
873.623 0.445636
874.018 0.297531
874.414 0.387127
874.809 0.265793
875.204 0.245922
875.599 0.26087
875.994 0.09972
876.389 0.25619
876.784 0.102142
877.179 0.219598
877.575 0.0588089
877.97 0.181228
878.365 0.0721621
878.76 0.126761
879.155 0.197331
879.55 0.0849904
879.945 0.191234
880.34 0.157055
880.736 0.175667
881.131 0.17924
881.526 0.0463196
881.921 0.135939
882.316 0.103231
882.711 0.0373914
883.106 0.0568228
883.501 0.0864186
883.897 0.207035
884.292 0.353727
884.687 0.219158
885.082 0.0554686
885.477 0.205615
885.872 0.196316
886.267 0.217717
886.662 0.24814
887.058 0.126624
887.453 0.231496
887.848 0.108091
888.243 0.13334
888.638 0.0974072
889.033 0.0579459
889.428 0.137343
889.823 0.0969208
890.219 0.0825595
890.614 0.0392623
891.009 0.232878
891.404 0.0835281
891.799 0.166978
892.194 0.361407
892.589 0.215822
892.984 0.393037
893.38 0.37013
893.775 0.336751
894.17 0.564289
894.565 0.394644
894.96 0.372775
895.355 0.412097
895.75 0.326883
896.146 0.51017
896.541 0.416045
896.936 0.382315
897.331 0.473141
897.726 0.309218
898.121 0.426377
898.516 0.43819
898.911 0.286056
899.307 0.325156
899.702 0.232904
900.097 0.235993
900.492 0.305862
900.887 0.0863981
901.282 0.120123
901.677 0.255414
902.072 0.120204
902.468 0.204536
902.863 0.302352
903.258 0.109705
903.653 0.283726
904.048 0.171889
904.443 0.177568
904.838 0.247125
905.233 0.0604848
905.629 0.0427877
906.024 0.158609
906.419 0.122377
906.814 0.160199
907.209 0.278847
907.604 0.122532
907.999 0.207556
908.394 0.347604
908.79 0.19585
909.185 0.361384
909.58 0.28018
909.975 0.227875
910.37 0.37414
910.765 0.160856
911.16 0.23457
911.555 0.208272
911.951 0.116588
912.346 0.234343
912.741 0.297633
913.136 0.30834
913.531 0.367615
913.926 0.23905
914.321 0.258686
914.716 0.299621
915.112 0.155154
915.507 0.26287
915.902 0.0171262
916.297 0.0803132
916.692 0.0753354
917.087 0.264214
917.482 0.282153
917.877 0.426471
918.273 0.494225
918.668 0.456141
919.063 0.749835
919.458 0.756267
919.853 0.735555
920.248 0.88446
920.643 0.814919
921.038 0.914569
921.434 0.791167
921.829 0.766289
922.224 0.443941
922.619 0.122844
923.014 0.130818
923.409 0.108876
923.804 0.241763
924.199 0.333934
924.595 0.332889
924.99 0.17523
925.385 0.237723
925.78 0.301131
926.175 0.217944
926.57 0.25684
926.965 0.245467
927.36 0.148606
927.756 0.231963
928.151 0.234336
928.546 0.308808
928.941 0.347923
929.336 0.250664
929.731 0.366724
930.126 0.356709
930.521 0.265249
930.917 0.218647
931.312 0.124422
931.707 0.189403
932.102 0.0170781
932.497 0.0845162
932.892 0.114705
933.287 0.0646037
933.682 0.0476241
934.078 0.0435077
934.473 0.152521
934.868 0.071055
935.263 0.0229247
935.658 0.235309
936.053 0.115408
936.448 0.0640323
936.843 0.144334
937.239 0.222929
937.634 0.284148
938.029 0.150425
938.424 0.264218
938.819 0.208482
939.214 0.139725
939.609 0.290001
940.004 0.155542
940.4 0.122901
940.795 0.110523
941.19 0.0684285
941.585 0.116651
941.98 0.180564
942.375 0.112955
942.77 0.250039
943.165 0.323948
943.561 0.152347
943.956 0.253762
944.351 0.33733
944.746 0.305191
945.141 0.459316
945.536 0.292951
945.931 0.40625
946.326 0.3519
946.722 0.219549
947.117 0.160324
947.512 0.28238
947.907 0.294099
948.302 0.400071
948.697 0.297229
949.092 0.309176
949.488 0.295876
949.883 0.208029
950.278 0.244469
950.673 0.194027
951.068 0.046801
951.463 0.144588
951.858 0.17617
952.253 0.136951
952.649 0.170094
953.044 0.223023
953.439 0.312505
953.834 0.30859
954.229 0.477491
954.624 0.399342
955.019 0.29091
955.414 0.284287
955.81 0.314164
956.205 0.204615
956.6 0.180935
956.995 0.130202
957.39 0.206607
957.785 0.2373
958.18 0.315209
958.575 0.18327
958.971 0.0223789
959.366 0.151501
959.761 0.0278559
960.156 0.0653506
960.551 0.23216
960.946 0.0406899
961.341 0.290794
961.736 0.236335
962.132 0.328604
962.527 0.475059
962.922 0.255263
963.317 0.316956
963.712 0.25406
964.107 0.317698
964.502 0.528893
964.897 0.336773
965.293 0.278648
965.688 0.385186
966.083 0.29668
966.478 0.216932
966.873 0.154293
967.268 0.244627
967.663 0.220731
968.058 0.246677
968.454 0.229055
968.849 0.262704
969.244 0.173434
969.639 0.320989
970.034 0.290676
970.429 0.309138
970.824 0.309598
971.219 0.105305
971.615 0.106619
972.01 0.143049
972.405 0.30087
972.8 0.399035
973.195 0.713974
973.59 0.425039
973.985 0.81617
974.38 0.845042
974.776 1.05499
975.171 0.909589
975.566 1.10503
975.961 1.21003
976.356 1.06728
976.751 1.41525
977.146 1.22029
977.541 1.87704
977.937 1.50456
978.332 1.66469
978.727 3.07128
979.122 6.16618
979.517 4.56794
979.912 3.2522
980.307 3.4282
980.702 2.73888
981.098 3.36137
981.493 3.15799
981.888 4.28864
982.283 4.31517
982.678 7.2639
983.073 15.0512
983.468 27.6631
983.863 21.1129
984.259 5.95763
984.654 7.34445
985.049 3.9044
985.444 4.28625
985.839 2.66095
986.234 2.80254
986.629 2.52897
987.024 2.21445
987.42 2.28776
987.815 1.37884
988.21 2.05675
988.605 1.33381
989 1.89971
989.395 1.26913
989.79 1.4045
990.185 1.39006
990.581 0.853574
990.976 0.951148
991.371 0.531047
991.766 0.548637
992.161 0.759146
992.556 1.98043
992.951 3.52779
993.346 4.28312
993.742 5.1352
994.137 2.6597
994.532 1.62107
994.927 0.342433
995.322 0.541689
995.717 0.785899
996.112 1.18665
996.507 0.824632
996.903 1.33578
997.298 1.1675
997.693 1.2837
998.088 1.27913
998.483 0.980968
998.878 1.20938
999.273 0.888381
999.668 0.813819
1000.06 0.842276
1000.46 0.53511
1000.85 0.436165
1001.25 0.34047
1001.64 0.464083
1002.04 0.204956
1002.43 0.181568
1002.83 0.463974
1003.22 0.349809
1003.62 0.249101
1004.01 0.510551
1004.41 0.239465
1004.81 0.314879
1005.2 0.30068
1005.6 0.325152
1005.99 0.393969
1006.39 0.208278
1006.78 0.349533
1007.18 0.155219
1007.57 0.432802
1007.97 0.244848
1008.36 0.232756
1008.76 0.277904
1009.15 0.153136
1009.55 0.1515
1009.94 0.144777
1010.34 0.119457
1010.73 0.0908254
1011.13 0.373661
1011.52 0.177992
1011.92 0.485688
1012.31 0.148374
1012.71 0.325122
1013.1 0.455027
1013.5 0.32727
1013.89 0.439231
1014.29 0.301819
1014.68 0.418417
1015.08 0.204232
1015.47 0.155948
1015.87 0.43898
1016.26 0.190334
1016.66 0.252115
1017.05 0.276467
1017.45 0.171227
1017.84 0.325992
1018.24 0.0716303
1018.63 0.162728
1019.03 0.403383
1019.42 0.188786
1019.82 0.343925
1020.22 0.186516
1020.61 0.326936
1021.01 0.493771
1021.4 0.291899
1021.8 0.398736
1022.19 0.28857
1022.59 0.401423
1022.98 0.243472
1023.38 0.219261
1023.77 0.428044
1024.17 0.273141
1024.56 0.393477
1024.96 0.295509
1025.35 0.223846
1025.75 0.353525
1026.14 0.253336
1026.54 0.25181
1026.93 0.535008
1027.33 0.312168
1027.72 0.483077
1028.12 0.729176
1028.51 0.737541
1028.91 1.00202
1029.3 0.841242
1029.7 0.883709
1030.09 0.980114
1030.49 0.675361
1030.88 0.849513
1031.28 0.614414
1031.67 0.553142
1032.07 0.497656
1032.46 0.189659
1032.86 0.317268
1033.25 0.273813
1033.65 0.127313
1034.04 0.290894
1034.44 0.176727
1034.83 0.0733681
1035.23 0.211234
1035.62 0.0627367
1036.02 0.0543212
1036.42 0.177933
1036.81 0.150459
1037.21 0.184189
1037.6 0.251517
1038 0.466809
1038.39 0.39381
1038.79 0.636137
1039.18 0.650693
1039.58 0.472633
1039.97 0.654722
1040.37 0.595531
1040.76 0.695385
1041.16 0.445415
1041.55 0.434031
1041.95 0.61016
1042.34 0.22149
1042.74 0.245401
1043.13 0.323988
1043.53 0.114511
1043.92 0.144147
1044.32 0.405702
1044.71 0.583709
1045.11 0.622578
1045.5 1.01366
1045.9 1.0708
1046.29 1.24
1046.69 1.49952
1047.08 1.45957
1047.48 1.41732
1047.87 1.96016
1048.27 4.55037
1048.66 8.25813
1049.06 12.3686
1049.45 8.24751
1049.85 4.1131
1050.24 4.28538
1050.64 3.21276
1051.03 2.1249
1051.43 1.72258
1051.83 0.584991
1052.22 0.595736
1052.62 0.245155
1053.01 0.241755
1053.41 0.181732
1053.8 0.715127
1054.2 0.847364
1054.59 1.23201
1054.99 1.56558
1055.38 1.20994
1055.78 1.36237
1056.17 1.06394
1056.57 0.906532
1056.96 1.00462
1057.36 0.654076
1057.75 0.833982
1058.15 0.751002
1058.54 0.483946
1058.94 0.79535
1059.33 0.609377
1059.73 0.48922
1060.12 0.377266
1060.52 0.0737466
1060.91 0.109839
1061.31 0.270019
1061.7 0.408039
1062.1 0.483843
1062.49 0.6935
1062.89 0.492773
1063.28 0.712925
1063.68 0.709762
1064.07 0.643838
1064.47 0.711977
1064.86 0.423029
1065.26 0.602729
1065.65 0.306828
1066.05 0.307278
1066.44 0.207589
1066.84 0.170784
1067.24 0.399394
1067.63 0.380196
1068.03 0.62873
1068.42 0.438355
1068.82 0.559702
1069.21 0.454577
1069.61 0.352512
1070 0.47235
1070.4 0.271941
1070.79 0.362314
1071.19 0.259224
1071.58 0.130641
1071.98 0.13589
1072.37 0.227296
1072.77 0.189506
1073.16 0.192367
1073.56 0.386892
1073.95 0.384214
1074.35 0.509999
1074.74 0.475009
1075.14 0.464807
1075.53 0.583142
1075.93 0.363455
1076.32 0.424708
1076.72 0.315095
1077.11 0.178509
1077.51 0.313902
1077.9 0.187164
1078.3 0.0838737
1078.69 0.271765
1079.09 0.191677
1079.48 0.201199
1079.88 0.327901
1080.27 0.176841
1080.67 0.345857
1081.06 0.248912
1081.46 0.190416
1081.85 0.200248
1082.25 0.0733792
1082.64 0.207407
1083.04 0.169264
1083.44 0.413475
1083.83 0.298756
1084.23 0.364359
1084.62 0.443543
1085.02 0.282621
1085.41 0.450291
1085.81 0.330024
1086.2 0.399202
1086.6 0.478203
1086.99 0.319551
1087.39 0.418048
1087.78 0.255572
1088.18 0.277408
1088.57 0.233307
1088.97 0.0856654
1089.36 0.131807
1089.76 0.0917475
1090.15 0.214722
1090.55 0.144858
1090.94 0.356801
1091.34 0.294774
1091.73 0.364787
1092.13 0.512884
1092.52 0.391225
1092.92 0.57168
1093.31 0.332854
1093.71 0.383956
1094.1 0.336368
1094.5 0.205592
1094.89 0.328447
1095.29 0.152729
1095.68 0.304116
1096.08 0.208207
1096.47 0.26573
1096.87 0.333176
1097.26 0.206743
1097.66 0.327573
1098.05 0.18846
1098.45 0.259953
1098.85 0.282384
1099.24 0.173101
1099.64 0.35498
1100.03 0.304527
1100.43 0.382697
1100.82 0.472301
1101.22 0.324514
1101.61 0.500628
1102.01 0.547384
1102.4 0.325244
1102.8 0.452553
1103.19 0.329796
1103.59 0.364789
1103.98 0.401979
1104.38 0.252934
1104.77 0.349162
1105.17 0.217201
1105.56 0.199769
1105.96 0.186264
1106.35 0.0520208
1106.75 0.0626121
1107.14 0.197419
1107.54 0.200121
1107.93 0.180766
1108.33 0.362925
1108.72 0.245108
1109.12 0.340287
1109.51 0.420809
1109.91 0.265221
1110.3 0.353525
1110.7 0.302126
1111.09 0.360346
1111.49 0.383669
1111.88 0.259991
1112.28 0.415635
1112.67 0.184684
1113.07 0.305468
1113.46 0.308435
1113.86 0.242601
1114.25 0.3002
1114.65 0.190424
1115.05 0.389894
1115.44 0.281513
1115.84 0.348075
1116.23 0.388896
1116.63 0.329305
1117.02 0.454728
1117.42 0.34091
1117.81 0.418343
1118.21 0.449087
1118.6 0.23757
1119 0.361689
1119.39 0.190767
1119.79 0.192517
1120.18 0.21945
1120.58 0.0172821
1120.97 0.0962244
1121.37 0.100535
1121.76 0.127778
1122.16 0.084396
1122.55 0.290238
1122.95 0.161595
1123.34 0.224528
1123.74 0.235303
1124.13 0.193792
1124.53 0.323121
1124.92 0.252998
1125.32 0.215804
1125.71 0.368583
1126.11 0.241638
1126.5 0.28022
1126.9 0.307862
1127.29 0.143215
1127.69 0.244745
1128.08 0.200716
1128.48 0.139842
1128.87 0.166893
1129.27 0.104145
1129.66 0.0299505
1130.06 0.18068
1130.46 0.136016
1130.85 0.0913215
1131.25 0.250767
1131.64 0.225841
1132.04 0.228294
1132.43 0.392947
1132.83 0.339959
1133.22 0.391898
1133.62 0.490937
1134.01 0.368174
1134.41 0.543342
1134.8 0.495758
1135.2 0.445857
1135.59 0.531005
1135.99 0.384186
1136.38 0.453392
1136.78 0.431928
1137.17 0.31239
1137.57 0.435591
1137.96 0.307015
1138.36 0.274876
1138.75 0.296312
1139.15 0.213247
1139.54 0.274974
1139.94 0.436708
1140.33 0.357809
1140.73 0.482968
1141.12 0.489314
1141.52 0.375238
1141.91 0.547055
1142.31 0.430885
1142.7 0.431514
1143.1 0.43913
1143.49 0.262497
1143.89 0.412936
1144.28 0.304012
1144.68 0.299993
1145.07 0.474065
1145.47 0.202246
1145.87 0.231198
1146.26 0.187688
1146.66 0.0508299
1147.05 0.173403
1147.45 0.137815
1147.84 0.0758592
1148.24 0.19357
1148.63 0.230347
1149.03 0.116821
1149.42 0.186976
1149.82 0.094579
1150.21 0.130214
1150.61 0.182675
1151 0.044136
1151.4 0.124252
1151.79 0.154676
1152.19 0.0391749
1152.58 0.191687
1152.98 0.185288
1153.37 0.137247
1153.77 0.238367
1154.16 0.0992593
1154.56 0.155829
1154.95 0.142802
1155.35 0.07751
1155.74 0.161083
1156.14 0.0207711
1156.53 0.137946
1156.93 0.152343
1157.32 0.154667
1157.72 0.205006
1158.11 0.0990757
1158.51 0.307029
1158.9 0.195714
1159.3 0.265238
1159.69 0.316098
1160.09 0.30664
1160.48 0.961202
1160.88 0.862401
1161.27 0.831551
1161.67 0.604601
1162.07 0.617895
1162.46 0.374138
1162.86 0.35227
1163.25 0.394458
1163.65 0.192583
1164.04 0.271899
1164.44 0.245318
1164.83 0.232396
1165.23 0.498515
1165.62 0.323214
1166.02 0.346008
1166.41 0.362343
1166.81 0.221853
1167.2 0.310612
1167.6 0.339799
1167.99 0.29535
1168.39 0.49997
1168.78 0.510776
1169.18 0.489841
1169.57 0.670624
1169.97 0.485084
1170.36 0.619955
1170.76 0.596399
1171.15 0.435764
1171.55 0.496965
1171.94 0.354731
1172.34 0.338133
1172.73 0.306473
1173.13 0.30676
1173.52 0.465675
1173.92 0.465401
1174.31 0.668908
1174.71 0.704027
1175.1 1.05684
1175.5 2.61897
1175.89 2.52243
1176.29 2.06899
1176.68 1.94686
1177.08 1.51221
1177.48 1.04294
1177.87 0.831357
1178.27 0.469544
1178.66 0.519837
1179.06 0.330823
1179.45 0.667697
1179.85 0.663461
1180.24 0.821439
1180.64 0.99596
1181.03 0.95092
1181.43 1.15003
1181.82 0.988935
1182.22 1.10785
1182.61 1.17714
1183.01 0.994263
1183.4 1.1874
1183.8 1.03896
1184.19 0.937347
1184.59 1.10143
1184.98 0.877188
1185.38 0.929568
1185.77 0.856502
1186.17 0.675666
1186.56 0.744061
1186.96 0.640515
1187.35 0.612463
1187.75 0.750849
1188.14 0.686123
1188.54 0.849218
1188.93 0.870426
1189.33 0.66353
1189.72 0.629681
1190.12 0.406823
1190.51 0.313398
1190.91 0.423082
1191.3 0.326597
1191.7 0.333445
1192.09 0.392614
1192.49 0.281832
1192.89 0.39246
1193.28 0.202777
1193.68 0.297405
1194.07 0.344934
1194.47 0.256041
1194.86 0.346552
1195.26 0.205963
1195.65 0.350685
1196.05 0.407278
1196.44 0.383226
1196.84 0.505848
1197.23 0.346243
1197.63 0.461193
1198.02 0.452243
1198.42 0.362627
1198.81 0.505788
1199.21 0.322404
1199.6 0.370976
1200 0.344722
1200.39 0.171051
1200.79 0.316725
1201.18 0.246534
1201.58 0.124356
1201.97 0.223136
1202.37 0.182542
1202.76 0.090322
1203.16 0.256363
1203.55 0.219122
1203.95 0.166835
1204.34 0.286707
1204.74 0.191768
1205.13 0.223398
1205.53 0.318054
1205.92 0.178903
1206.32 0.289834
1206.71 0.269755
1207.11 0.19755
1207.5 0.357044
1207.9 0.215826
1208.29 0.172709
1208.69 0.284615
1209.09 0.145314
1209.48 0.139507
1209.88 0.170789
1210.27 0.0788701
1210.67 0.0797402
1211.06 0.301591
1211.46 0.284966
1211.85 0.367959
1212.25 0.489545
1212.64 0.402028
1213.04 0.598159
1213.43 0.591362
1213.83 0.542156
1214.22 0.724158
1214.62 0.642804
1215.01 0.653987
1215.41 0.592463
1215.8 0.467444
1216.2 0.53487
1216.59 0.396971
1216.99 0.317961
1217.38 0.461714
1217.78 0.367609
1218.17 0.38333
1218.57 0.506606
1218.96 0.390496
1219.36 0.496045
1219.75 0.489203
1220.15 0.36245
1220.54 0.473014
1220.94 0.34229
1221.33 0.276183
1221.73 0.313592
1222.12 0.203373
1222.52 0.175154
1222.91 0.28826
1223.31 0.232687
1223.7 0.31794
1224.1 0.468178
1224.5 0.365271
1224.89 0.504719
1225.29 0.524916
1225.68 0.393894
1226.08 0.543759
1226.47 0.411601
1226.87 0.388707
1227.26 0.482071
1227.66 0.374007
1228.05 0.420764
1228.45 0.480688
1228.84 0.362575
1229.24 0.517157
1229.63 0.530226
1230.03 0.499109
1230.42 0.675686
1230.82 0.572008
1231.21 0.580834
1231.61 0.709042
1232 0.557842
1232.4 0.626714
1232.79 0.540625
1233.19 0.422213
1233.58 0.509559
1233.98 0.404874
1234.37 0.342954
1234.77 0.409705
1235.16 0.293597
1235.56 0.292304
1235.95 0.364315
1236.35 0.278004
1236.74 0.360805
1237.14 0.381178
1237.53 0.325352
1237.93 0.462821
1238.32 0.392247
1238.72 0.292736
1239.11 0.42204
1239.51 0.28624
1239.91 0.240211
1240.3 0.323364
1240.7 0.213272
1241.09 0.213751
1241.49 0.36551
1241.88 0.273056
1242.28 0.377415
1242.67 0.554661
1243.07 0.439358
1243.46 0.566083
1243.86 0.591788
1244.25 0.540674
1244.65 0.651128
1245.04 0.521792
1245.44 0.577487
1245.83 0.588424
1246.23 0.459037
1246.62 0.575872
1247.02 0.53005
1247.41 0.483247
1247.81 0.636101
1248.2 0.507087
1248.6 0.542884
1248.99 0.571224
1249.39 0.360274
1249.78 0.436905
1250.18 0.465548
1250.57 0.394001
1250.97 0.538048
1251.36 0.496401
1251.76 0.503089
1252.15 0.568166
1252.55 0.343001
1252.94 0.379494
1253.34 0.259016
1253.73 0.0927134
1254.13 0.260888
1254.52 0.219661
1254.92 0.164787
1255.31 0.394512
1255.71 0.321772
1256.11 0.296658
1256.5 0.56912
1256.9 0.489531
1257.29 0.584835
1257.69 0.530139
1258.08 0.408091
1258.48 0.241323
1258.87 0.267771
1259.27 0.225222
1259.66 0.333166
1260.06 0.495244
1260.45 0.474595
1260.85 0.612401
1261.24 0.519333
1261.64 0.562292
1262.03 0.614853
1262.43 0.508781
1262.82 0.613526
1263.22 0.501477
1263.61 0.49906
1264.01 0.46156
1264.4 0.234377
1264.8 0.255334
1265.19 0.152753
1265.59 0.0646574
1265.98 0.0692107
1266.38 0.298091
1266.77 0.317932
1267.17 0.409295
1267.56 0.527678
1267.96 0.422756
1268.35 0.567385
1268.75 0.511576
1269.14 0.44272
1269.54 0.508242
1269.93 0.343555
1270.33 0.405689
1270.72 0.311874
1271.12 0.149347
1271.52 0.27767
1271.91 0.211591
1272.31 0.115943
1272.7 0.335073
1273.1 0.285685
1273.49 0.230777
1273.89 0.357958
1274.28 0.17244
1274.68 0.214385
1275.07 0.254114
1275.47 0.0381827
1275.86 0.143355
1276.26 0.141888
1276.65 0.0613325
1277.05 0.1599
1277.44 0.241375
1277.84 0.155611
1278.23 0.289313
1278.63 0.24965
1279.02 0.293254
1279.42 0.317171
1279.81 0.159132
1280.21 0.356708
1280.6 0.175047
1281 0.135469
1281.39 0.285323
1281.79 0.108313
1282.18 0.163646
1282.58 0.0343241
1282.97 0.134645
1283.37 0.0881449
1283.76 0.15149
1284.16 0.150973
1284.55 0.121587
1284.95 0.278432
1285.34 0.187486
1285.74 0.378262
1286.13 0.288846
1286.53 0.299249
1286.93 0.42236
1287.32 0.257836
1287.72 0.32232
1288.11 0.210012
1288.51 0.197918
1288.9 0.179728
1289.3 0.0112055
1289.69 0.0930295
1290.09 0.056686
1290.48 0.142097
1290.88 0.0244493
1291.27 0.166952
1291.67 0.0592597
1292.06 0.129815
1292.46 0.129791
1292.85 0.0789346
1293.25 0.107397
1293.64 0.146165
1294.04 0.0917803
1294.43 0.128336
1294.83 0.138688
1295.22 0.175486
1295.62 0.15353
1296.01 0.148188
1296.41 0.257055
1296.8 0.250929
1297.2 0.162781
1297.59 0.355397
1297.99 0.291757
1298.38 0.26866
1298.78 0.374526
1299.17 0.219705
1299.57 0.355327
1299.96 0.200743
1300.36 0.131274
1300.75 0.315729
1301.15 0.132347
1301.54 0.240692
1301.94 0.140644
1302.33 0.0368984
1302.73 0.15371
1303.13 0.170951
1303.52 0.140429
1303.92 0.233297
1304.31 0.380613
1304.71 0.262782
1305.1 0.504253
1305.5 0.417824
1305.89 0.446293
1306.29 0.472239
1306.68 0.397428
1307.08 0.570187
1307.47 0.289652
1307.87 0.522303
1308.26 0.341136
1308.66 0.406857
1309.05 0.440544
1309.45 0.383967
1309.84 0.945997
1310.24 1.12724
1310.63 3.38824
1311.03 5.10177
1311.42 3.14539
1311.82 1.20438
1312.21 1.30131
1312.61 1.81775
1313 1.05372
1313.4 0.683595
1313.79 0.490532
1314.19 0.595826
1314.58 0.510038
1314.98 0.621303
1315.37 0.390379
1315.77 0.438602
1316.16 0.339075
1316.56 0.201318
1316.95 0.224845
1317.35 0.180329
1317.74 0.22459
1318.14 0.343397
1318.54 0.309959
1318.93 0.400711
1319.33 0.440023
1319.72 0.45845
1320.12 0.523867
1320.51 0.355488
1320.91 0.443043
1321.3 0.478674
1321.7 0.45387
1322.09 0.514585
1322.49 0.5194
1322.88 0.586847
1323.28 0.651278
1323.67 0.695625
1324.07 0.806539
1324.46 0.812626
1324.86 0.874202
1325.25 1.02887
1325.65 1.01169
1326.04 1.01361
1326.44 0.670251
1326.83 0.745602
1327.23 1.24956
1327.62 1.29306
1328.02 1.20006
1328.41 0.886801
1328.81 0.72896
1329.2 0.456588
1329.6 0.318818
1329.99 0.28171
1330.39 0.198948
1330.78 0.264432
1331.18 0.188478
1331.57 0.298906
1331.97 0.310373
1332.36 0.323154
1332.76 0.443895
1333.15 0.411141
1333.55 0.47843
1333.94 0.595237
1334.34 0.475285
1334.74 0.571408
1335.13 0.480198
1335.53 0.536251
1335.92 0.497664
1336.32 0.417333
1336.71 0.46495
1337.11 0.308489
1337.5 0.285285
1337.9 0.335056
1338.29 0.155641
1338.69 0.168985
1339.08 0.244555
1339.48 0.141294
1339.87 0.253625
1340.27 0.20563
1340.66 0.155739
1341.06 0.248073
1341.45 0.125558
1341.85 0.111565
1342.24 0.0905723
1342.64 0.072359
1343.03 0.0814039
1343.43 0.197288
1343.82 0.125198
1344.22 0.200902
1344.61 0.19448
1345.01 0.176853
1345.4 0.172852
1345.8 0.058808
1346.19 0.136412
1346.59 0.0672492
1346.98 0.108516
1347.38 0.034985
1347.77 0.0801826
1348.17 0.0877744
1348.56 0.0693672
1348.96 0.0925751
1349.35 0.0492143
1349.75 0.0996477
1350.15 0.0785865
1350.54 0.0829774
1350.94 0.0656791
1351.33 0.0399583
1351.73 0.024823
1352.12 0.134871
1352.52 0.0526882
1352.91 0.0639728
1353.31 0.127032
1353.7 0.00627545
1354.1 0.0641782
1354.49 0.069933
1354.89 0.0917505
1355.28 0.105269
1355.68 0.243917
1356.07 0.16806
1356.47 0.216423
1356.86 0.343692
1357.26 0.309286
1357.65 0.414383
1358.05 0.34723
1358.44 0.349918
1358.84 0.393522
1359.23 0.342943
1359.63 0.443024
1360.02 0.381736
1360.42 0.341431
1360.81 0.489945
1361.21 0.390855
1361.6 0.412712
1362 0.340494
1362.39 0.337178
1362.79 0.339113
1363.18 0.165562
1363.58 0.126424
1363.97 0.0999533
1364.37 0.132149
1364.76 0.0835939
1365.16 0.177612
1365.56 0.173385
1365.95 0.222717
1366.35 0.39645
1366.74 0.397339
1367.14 0.586965
1367.53 0.534276
1367.93 0.610581
1368.32 0.716524
1368.72 0.780786
1369.11 0.91344
1369.51 0.845512
1369.9 1.0684
1370.3 1.08655
1370.69 1.48606
1371.09 1.76409
1371.48 4.15976
1371.88 4.04108
1372.27 3.805
1372.67 2.93765
1373.06 1.67424
1373.46 1.31429
1373.85 1.04329
1374.25 0.593559
1374.64 0.789533
1375.04 0.459108
1375.43 0.456505
1375.83 0.351048
1376.22 0.197118
1376.62 0.268509
1377.01 0.108969
1377.41 0.276305
1377.8 0.148451
1378.2 0.324024
1378.59 0.227274
1378.99 0.258902
1379.38 0.391435
1379.78 0.244889
1380.17 0.335368
1380.57 0.428336
1380.96 0.365405
1381.36 0.451087
1381.76 0.339677
1382.15 0.418997
1382.55 0.299591
1382.94 0.236228
1383.34 0.327578
1383.73 0.170127
1384.13 0.286381
1384.52 0.153864
1384.92 0.185214
1385.31 0.0779675
1385.71 0.108034
1386.1 0.212793
1386.5 0.117615
1386.89 0.179003
1387.29 0.148431
1387.68 0.139144
1388.08 0.224251
1388.47 0.137911
1388.87 0.225158
1389.26 0.227782
1389.66 0.166331
1390.05 0.311991
1390.45 0.246953
1390.84 0.288793
1391.24 0.299797
1391.63 0.220288
1392.03 0.330121
1392.42 0.306321
1392.82 0.244116
1393.21 0.369943
1393.61 0.247313
1394 0.280493
1394.4 0.365134
1394.79 0.227491
1395.19 0.3344
1395.58 0.313758
1395.98 0.244202
1396.37 0.350881
1396.77 0.238046
1397.17 0.288741
1397.56 0.366305
1397.96 0.21487
1398.35 0.339103
1398.75 0.326822
1399.14 0.267309
1399.54 0.360539
1399.93 0.197661
1400.33 0.268851
1400.72 0.253992
1401.12 0.139197
1401.51 0.271482
1401.91 0.145956
1402.3 0.137807
1402.7 0.17892
1403.09 0.0576598
1403.49 0.111704
1403.88 0.0449816
1404.28 0.0759772
1404.67 0.086632
1405.07 0.180899
1405.46 0.135978
1405.86 0.122322
1406.25 0.244714
1406.65 0.158117
1407.04 0.225194
1407.44 0.217163
1407.83 0.131642
1408.23 0.250835
1408.62 0.207686
1409.02 0.19032
1409.41 0.237171
1409.81 0.133582
1410.2 0.208869
1410.6 0.157404
1410.99 0.0789361
1411.39 0.200321
1411.78 0.10961
1412.18 0.0468533
1412.58 0.156272
1412.97 0.121798
1413.37 0.0758842
1413.76 0.182001
1414.16 0.102814
1414.55 0.145846
1414.95 0.237627
1415.34 0.118167
1415.74 0.173815
1416.13 0.203825
1416.53 0.115825
1416.92 0.184997
1417.32 0.0974815
1417.71 0.11849
1418.11 0.172745
1418.5 0.0479785
1418.9 0.111791
1419.29 0.0672404
1419.69 0.109052
1420.08 0.0673202
1420.48 0.0960656
1420.87 0.102191
1421.27 0.0511711
1421.66 0.199493
1422.06 0.0726529
1422.45 0.143612
1422.85 0.213227
1423.24 0.141053
1423.64 0.241993
1424.03 0.155505
1424.43 0.213278
1424.82 0.213367
1425.22 0.105906
1425.61 0.224
1426.01 0.138565
1426.4 0.155373
1426.8 0.1683
1427.19 0.0548172
1427.59 0.126535
1427.98 0.110491
1428.38 0.0565588
1428.78 0.119491
1429.17 0.0666825
1429.57 0.0640347
1429.96 0.104139
1430.36 0.0888812
1430.75 0.098175
1431.15 0.148509
1431.54 0.0644227
1431.94 0.171978
1432.33 0.163759
1432.73 0.083247
1433.12 0.192426
1433.52 0.137494
1433.91 0.155435
1434.31 0.196022
1434.7 0.121172
1435.1 0.195581
1435.49 0.199169
1435.89 0.125617
1436.28 0.214087
1436.68 0.122898
1437.07 0.1079
1437.47 0.242477
1437.86 0.11185
1438.26 0.133037
1438.65 0.147886
1439.05 0.049931
1439.44 0.10557
1439.84 0.139454
1440.23 0.0271219
1440.63 0.114783
1441.02 0.311754
1441.42 0.35242
1441.81 0.322909
1442.21 0.16767
1442.6 0.181159
1443 0.262875
1443.39 0.420506
1443.79 0.545129
1444.19 0.580013
1444.58 0.463021
1444.98 0.492811
1445.37 0.343758
1445.77 0.290146
1446.16 0.391397
1446.56 0.293135
1446.95 0.329025
1447.35 0.413438
1447.74 0.30983
1448.14 0.416943
1448.53 0.380557
1448.93 0.320706
1449.32 0.377448
1449.72 0.254137
1450.11 0.261516
1450.51 0.354986
1450.9 0.244698
1451.3 0.349252
1451.69 0.414225
1452.09 0.318872
1452.48 0.431496
1452.88 0.43103
1453.27 0.390537
1453.67 0.517488
1454.06 0.435952
1454.46 0.49182
1454.85 0.531847
1455.25 0.440353
1455.64 0.532932
1456.04 0.413446
1456.43 0.385073
1456.83 0.54111
1457.22 0.593778
1457.62 0.827987
1458.01 0.901918
1458.41 0.704032
1458.8 0.768659
1459.2 0.576401
1459.6 0.503086
1459.99 0.594526
1460.39 0.487038
1460.78 0.464072
1461.18 0.256518
1461.57 0.235101
1461.97 0.253855
1462.36 0.0820399
1462.76 0.100437
1463.15 0.201517
1463.55 0.17412
1463.94 0.243052
1464.34 0.247663
1464.73 0.229787
1465.13 0.298871
1465.52 0.204104
1465.92 0.227558
1466.31 0.26182
1466.71 0.157845
1467.1 0.262687
1467.5 0.258371
1467.89 0.170346
1468.29 0.264141
1468.68 0.206113
1469.08 0.12161
1469.47 0.271866
1469.87 0.24956
1470.26 0.282866
1470.66 0.293381
1471.05 0.176721
1471.45 0.247282
1471.84 0.240835
1472.24 0.207348
1472.63 0.29691
1473.03 0.20907
1473.42 0.213699
1473.82 0.274992
1474.21 0.160503
1474.61 0.270476
1475 0.283687
1475.4 0.265724
1475.8 0.378313
1476.19 0.298557
1476.59 0.414811
1476.98 0.33292
1477.38 0.29853
1477.77 0.368512
1478.17 0.249309
1478.56 0.342801
1478.96 0.31712
1479.35 0.30679
1479.75 0.336086
1480.14 0.212705
1480.54 0.329495
1480.93 0.345672
1481.33 0.327027
1481.72 0.434953
1482.12 0.336641
1482.51 0.398648
1482.91 0.416654
1483.3 0.3296
1483.7 0.424983
1484.09 0.299611
1484.49 0.318836
1484.88 0.374414
1485.28 0.283176
1485.67 0.403637
1486.07 0.409567
1486.46 0.383604
1486.86 0.524617
1487.25 0.457029
1487.65 0.548014
1488.04 0.631153
1488.44 0.599874
1488.83 0.765893
1489.23 0.777555
1489.62 0.814897
1490.02 0.956845
1490.41 0.991213
1490.81 1.21264
1491.21 1.29159
1491.6 1.39465
1492 1.69828
1492.39 1.88081
1492.79 2.23636
1493.18 2.24231
1493.58 2.01521
1493.97 1.79115
1494.37 2.39434
1494.76 3.60811
1495.16 3.68029
1495.55 3.3957
1495.95 2.75169
1496.34 2.03812
1496.74 1.55533
1497.13 1.14878
1497.53 1.07423
1497.92 0.925979
1498.32 0.816789
1498.71 0.930331
1499.11 0.754152
1499.5 0.667046
1499.9 0.632597
1500.29 0.528273
1500.69 0.589149
1501.08 0.476784
1501.48 0.412226
1501.87 0.426848
1502.27 0.406449
1502.66 0.433245
1503.06 0.310217
1503.45 0.247754
1503.85 0.185132
1504.24 0.0369617
1504.64 0.118855
1505.03 0.26806
1505.43 0.182209
1505.82 0.297304
1506.22 0.288028
1506.61 0.30364
1507.01 0.336696
1507.41 0.189063
1507.8 0.250663
1508.2 0.168783
1508.59 0.130222
1508.99 0.189616
1509.38 0.0690711
1509.78 0.100881
1510.17 0.125894
1510.57 0.057687
1510.96 0.162598
1511.36 0.205708
1511.75 0.192984
1512.15 0.329928
1512.54 0.365432
1512.94 0.521993
1513.33 0.801641
1513.73 0.945857
1514.12 1.18583
1514.52 1.20304
1514.91 1.20763
1515.31 0.581614
1515.7 0.160257
1516.1 0.253022
1516.49 0.218666
1516.89 0.148396
1517.28 0.287686
1517.68 0.319836
1518.07 0.431571
1518.47 0.438861
1518.86 0.310127
1519.26 0.390906
1519.65 0.300247
1520.05 0.28715
1520.44 0.257429
1520.84 0.151309
1521.23 0.2012
1521.63 0.0779388
1522.02 0.177798
1522.42 0.142035
1522.82 0.0836107
1523.21 0.170842
1523.61 0.0992084
1524 0.176557
1524.4 0.185323
1524.79 0.190936
1525.19 0.238031
1525.58 0.207131
1525.98 0.323595
1526.37 0.300481
1526.77 0.283255
1527.16 0.393355
1527.56 0.288529
1527.95 0.323637
1528.35 0.300809
1528.74 0.195113
1529.14 0.255143
1529.53 0.211546
1529.93 0.140478
1530.32 0.247946
1530.72 0.221499
1531.11 0.241163
1531.51 0.325456
1531.9 0.242994
1532.3 0.361799
1532.69 0.33048
1533.09 0.261565
1533.48 0.351297
1533.88 0.21409
1534.27 0.217191
1534.67 0.17116
1535.06 0.100724
1535.46 0.136366
1535.85 0.0843992
1536.25 0.110035
1536.64 0.0594931
1537.04 0.238559
1537.43 0.153328
1537.83 0.223829
1538.23 0.274494
1538.62 0.217139
1539.02 0.251776
1539.41 0.19123
1539.81 0.233452
1540.2 0.197798
1540.6 0.105976
1540.99 0.2357
1541.39 0.175031
1541.78 0.0840704
1542.18 0.224581
1542.57 0.193271
1542.97 0.157009
1543.36 0.282391
1543.76 0.208751
1544.15 0.165072
1544.55 0.221817
1544.94 0.171548
1545.34 0.306302
1545.73 0.0630331
1546.13 0.0738548
1546.52 0.198153
1546.92 0.148894
1547.31 0.0735738
1547.71 0.14876
1548.1 0.0369053
1548.5 0.0599778
1548.89 0.219459
1549.29 0.16565
1549.68 0.243448
1550.08 0.313586
1550.47 0.255152
1550.87 0.365117
1551.26 0.34477
1551.66 0.331488
1552.05 0.378719
1552.45 0.250147
1552.84 0.28355
1553.24 0.271712
1553.63 0.209705
1554.03 0.137982
1554.43 0.00926451
1554.82 0.0362612
1555.22 0.0662701
1555.61 0.148859
1556.01 0.101982
1556.4 0.298056
1556.8 0.207417
1557.19 0.298493
1557.59 0.341096
1557.98 0.266074
1558.38 0.335429
1558.77 0.288332
1559.17 0.214457
1559.56 0.219838
1559.96 0.150797
1560.35 0.237769
1560.75 0.0370291
1561.14 0.0795317
1561.54 0.0995233
1561.93 0.179091
1562.33 0.14974
1562.72 0.0921921
1563.12 0.137416
1563.51 0.122447
1563.91 0.177222
1564.3 0.165595
1564.7 0.149422
1565.09 0.261356
1565.49 0.287218
1565.88 0.514467
1566.28 0.697943
1566.67 0.689247
1567.07 0.97343
1567.46 1.09907
1567.86 2.70082
1568.25 2.79047
1568.65 1.70952
1569.04 2.82477
1569.44 1.61448
1569.84 1.57409
1570.23 0.906352
1570.63 1.0455
1571.02 0.916861
1571.42 0.996273
1571.81 1.15373
1572.21 0.920215
1572.6 1.24471
1573 0.849366
1573.39 1.12162
1573.79 1.4562
1574.18 3.65712
1574.58 5.62205
1574.97 9.03215
1575.37 7.14004
1575.76 3.81376
1576.16 3.16544
1576.55 2.09849
1576.95 1.40722
1577.34 1.14908
1577.74 0.714189
1578.13 0.689647
1578.53 0.626887
1578.92 0.593248
1579.32 0.826502
1579.71 0.590403
1580.11 0.505871
1580.5 0.396913
1580.9 0.470578
1581.29 0.464852
1581.69 0.306218
1582.08 0.332641
1582.48 0.209578
1582.87 0.212819
1583.27 0.0617194
1583.66 0.0943587
1584.06 0.171444
1584.45 0.182879
1584.85 0.310685
1585.25 0.246758
1585.64 0.349217
1586.04 0.308198
1586.43 0.350076
1586.83 0.374301
1587.22 0.322649
1587.62 0.404768
1588.01 0.393817
1588.41 0.338748
1588.8 0.423768
1589.2 0.321909
1589.59 0.387958
1589.99 0.39943
1590.38 0.359581
1590.78 0.365151
1591.17 0.487531
1591.57 0.534058
1591.96 0.636262
1592.36 0.687709
1592.75 0.734769
1593.15 0.845366
1593.54 0.80764
1593.94 0.893263
1594.33 0.813622
1594.73 0.75897
1595.12 0.638703
1595.52 0.490943
1595.91 0.51749
1596.31 0.344313
1596.7 0.288421
1597.1 0.246601
1597.49 0.0502508
1597.89 0.0164693
1598.28 0.119917
1598.68 0.124425
1599.07 0.132951
1599.47 0.248722
1599.86 0.129758
1600.26 0.235907
1600.65 0.32225
1601.05 0.27985
1601.45 0.337991
1601.84 0.237585
1602.24 0.256418
1602.63 0.307184
1603.03 0.196547
1603.42 0.245505
1603.82 0.103043
1604.21 0.174675
1604.61 0.209912
1605 0.164897
1605.4 0.163187
1605.79 0.0165056
1606.19 0.215903
1606.58 0.176785
1606.98 0.187813
1607.37 0.0966002
1607.77 0.066286
1608.16 0.241344
1608.56 0.184678
1608.95 0.220893
1609.35 0.0862613
1609.74 0.0974475
1610.14 0.158823
1610.53 0.0484592
1610.93 0.025575
1611.32 0.0472395
1611.72 0.138354
1612.11 0.0726984
1612.51 0.184442
1612.9 0.121116
1613.3 0.190961
1613.69 0.162856
1614.09 0.157062
1614.48 0.241074
1614.88 0.15325
1615.27 0.313399
1615.67 0.187373
1616.06 0.275495
1616.46 0.341285
1616.86 0.333591
1617.25 0.387427
1617.65 0.264998
1618.04 0.304572
1618.44 0.301449
1618.83 0.172868
1619.23 0.222899
1619.62 0.111362
1620.02 0.0495092
1620.41 0.128235
1620.81 0.143383
1621.2 0.205078
1621.6 0.31972
1621.99 0.28062
1622.39 0.382768
1622.78 0.422563
1623.18 0.340956
1623.57 0.48661
1623.97 0.443838
1624.36 0.40806
1624.76 0.456525
1625.15 0.376458
1625.55 0.446221
1625.94 0.349846
1626.34 0.283629
1626.73 0.2452
1627.13 0.137793
1627.52 0.157159
1627.92 0.0699615
1628.31 0.0521195
1628.71 0.0769109
1629.1 0.084181
1629.5 0.0784455
1629.89 0.117942
1630.29 0.123488
1630.68 0.0627737
1631.08 0.174101
1631.47 0.0482932
1631.87 0.091388
1632.27 0.119719
1632.66 0.110256
1633.06 0.122941
1633.45 0.194331
1633.85 0.279117
1634.24 0.282241
1634.64 0.432091
1635.03 0.327515
1635.43 0.339323
1635.82 0.45691
1636.22 0.450113
1636.61 0.475762
1637.01 0.350621
1637.4 0.401982
1637.8 0.45735
1638.19 0.528674
1638.59 0.731
1638.98 1.08224
1639.38 1.45183
1639.77 0.869687
1640.17 0.416061
1640.56 0.443173
1640.96 0.340058
1641.35 0.121599
1641.75 0.231539
1642.14 0.241306
1642.54 0.131489
1642.93 0.288431
1643.33 0.250247
1643.72 0.182515
1644.12 0.205296
1644.51 0.100744
1644.91 0.213982
1645.3 0.122224
1645.7 0.147024
1646.09 0.164727
1646.49 0.109262
1646.88 0.185428
1647.28 0.103372
1647.67 0.230007
1648.07 0.23876
1648.47 0.180532
1648.86 0.308031
1649.26 0.175365
1649.65 0.250086
1650.05 0.320274
1650.44 0.235645
1650.84 0.337911
1651.23 0.261574
1651.63 0.285877
1652.02 0.405585
1652.42 0.292328
1652.81 0.358277
1653.21 0.346301
1653.6 0.252391
1654 0.400508
1654.39 0.267298
1654.79 0.294346
1655.18 0.272555
1655.58 0.151222
1655.97 0.141698
1656.37 0.133586
1656.76 0.148842
1657.16 0.240176
1657.55 0.0843337
1657.95 0.149374
1658.34 0.0183755
1658.74 0.0727248
1659.13 0.156737
1659.53 0.303061
1659.92 0.421839
1660.32 0.444725
1660.71 0.651499
1661.11 0.615743
1661.5 0.776911
1661.9 0.925956
1662.29 1.09585
1662.69 1.06053
1663.08 0.845247
1663.48 0.743576
1663.88 0.51
1664.27 0.494316
1664.67 0.356597
1665.06 0.452022
1665.46 0.321443
1665.85 0.361077
1666.25 0.399692
1666.64 0.256409
1667.04 0.388608
1667.43 0.289386
1667.83 0.209215
1668.22 0.365021
1668.62 0.297547
1669.01 0.339964
1669.41 0.304403
1669.8 0.170472
1670.2 0.301313
1670.59 0.17457
1670.99 0.138103
1671.38 0.224306
1671.78 0.11429
1672.17 0.145343
1672.57 0.164802
1672.96 0.089722
1673.36 0.200408
1673.75 0.133499
1674.15 0.0883444
1674.54 0.167327
1674.94 0.0197144
1675.33 0.0554011
1675.73 0.0619967
1676.12 0.0960424
1676.52 0.0659826
1676.91 0.243905
1677.31 0.234079
1677.7 0.21525
1678.1 0.205755
1678.49 0.127682
1678.89 0.238811
1679.29 0.15853
1679.68 0.153664
1680.08 0.0930869
1680.47 0.0500751
1680.87 0.0528601
1681.26 0.100378
1681.66 0.165076
1682.05 0.143173
1682.45 0.242031
1682.84 0.18095
1683.24 0.227001
1683.63 0.26345
1684.03 0.170445
1684.42 0.287614
1684.82 0.251445
1685.21 0.258272
1685.61 0.30478
1686 0.215254
1686.4 0.290918
1686.79 0.237245
1687.19 0.140479
1687.58 0.216256
1687.98 0.106523
1688.37 0.094698
1688.77 0.187513
1689.16 0.101032
1689.56 0.138201
1689.95 0.253072
1690.35 0.178463
1690.74 0.249173
1691.14 0.23318
1691.53 0.245648
1691.93 0.340062
1692.32 0.196135
1692.72 0.230853
1693.11 0.207987
1693.51 0.161579
1693.9 0.216831
1694.3 0.0748991
1694.69 0.13241
1695.09 0.0966502
1695.49 0.0873725
1695.88 0.0757972
1696.28 0.0532166
1696.67 0.0830248
1697.07 0.0503224
1697.46 0.092418
1697.86 0.0748995
1698.25 0.128605
1698.65 0.0493222
1699.04 0.191948
1699.44 0.153002
1699.83 0.189119
1700.23 0.261733
1700.62 0.160412
1701.02 0.234399
1701.41 0.132979
1701.81 0.167336
1702.2 0.205433
1702.6 0.104882
1702.99 0.213471
1703.39 0.185449
1703.78 0.171906
1704.18 0.244318
1704.57 0.155148
1704.97 0.238308
1705.36 0.310803
1705.76 0.311519
1706.15 0.285237
1706.55 0.115697
1706.94 0.0981351
1707.34 0.0230835
1707.73 0.0631743
1708.13 0.0773479
1708.52 0.00310594
1708.92 0.121433
1709.31 0.0303932
1709.71 0.00787065
1710.1 0.161721
1710.5 0.0488108
1710.9 0.121577
1711.29 0.135439
1711.69 0.0596658
1712.08 0.142645
1712.48 0.139542
1712.87 0.173615
1713.27 0.256304
1713.66 0.176635
1714.06 0.241989
1714.45 0.19309
1714.85 0.140351
1715.24 0.215154
1715.64 0.157332
1716.03 0.223428
1716.43 0.309032
1716.82 0.237771
1717.22 0.318825
1717.61 0.284737
1718.01 0.258612
1718.4 0.396493
1718.8 0.270752
1719.19 0.316739
1719.59 0.301053
1719.98 0.218899
1720.38 0.236336
1720.77 0.137228
1721.17 0.194114
1721.56 0.124405
1721.96 0.0753009
1722.35 0.147639
1722.75 0.0298171
1723.14 0.120649
1723.54 0.122136
1723.93 0.133457
1724.33 0.283721
1724.72 0.220957
1725.12 0.348396
1725.51 0.421372
1725.91 0.432777
1726.3 0.594289
1726.7 0.559024
1727.1 0.646598
1727.49 0.725888
1727.89 0.645284
1728.28 0.711401
1728.68 0.714191
1729.07 0.690711
1729.47 0.716724
1729.86 0.618974
1730.26 0.71527
1730.65 0.644389
1731.05 0.566914
1731.44 0.673061
1731.84 0.565293
1732.23 0.517602
1732.63 0.552622
1733.02 0.435375
1733.42 0.4999
1733.81 0.488939
1734.21 0.361894
1734.6 0.425844
1735 0.329127
1735.39 0.244475
1735.79 0.231461
1736.18 0.126064
1736.58 0.161108
1736.97 0.0834553
1737.37 0.0408327
1737.76 0.0581494
1738.16 0.126794
1738.55 0.210571
1738.95 0.178161
1739.34 0.343896
1739.74 0.356603
1740.13 0.437447
1740.53 0.538808
1740.92 0.481135
1741.32 0.624184
1741.71 0.64616
1742.11 0.667073
1742.51 0.708291
1742.9 0.57507
1743.3 0.627309
1743.69 0.704059
1744.09 0.588305
1744.48 0.706776
1744.88 0.683185
1745.27 0.648277
1745.67 0.758809
1746.06 0.668516
1746.46 0.758172
1746.85 0.73447
1747.25 0.596926
1747.64 0.668108
1748.04 0.55764
1748.43 0.48386
1748.83 0.487378
1749.22 0.298827
1749.62 0.290729
1750.01 0.249739
1750.41 0.0430588
1750.8 0.104161
1751.2 0.226673
1751.59 0.154729
1751.99 0.257323
1752.38 0.343701
1752.78 0.185719
1753.17 0.266531
1753.57 0.33537
1753.96 0.241888
1754.36 0.324444
1754.75 0.302204
1755.15 0.248549
1755.54 0.343212
1755.94 0.236766
1756.33 0.325943
1756.73 0.457533
1757.12 0.329939
1757.52 0.434804
1757.92 0.526465
1758.31 0.438242
1758.71 0.577265
1759.1 0.61154
1759.5 0.600667
1759.89 0.65742
1760.29 0.525002
1760.68 0.58302
1761.08 0.569904
1761.47 0.49074
1761.87 0.618405
1762.26 0.602037
1762.66 0.699246
1763.05 0.846248
1763.45 0.424181
1763.84 1.40618
1764.24 2.70576
1764.63 2.79513
1765.03 1.84745
1765.42 1.29657
1765.82 1.03469
1766.21 0.729999
1766.61 0.680271
1767 0.51506
1767.4 0.462377
1767.79 0.519456
1768.19 0.466265
1768.58 0.582553
1768.98 0.651469
1769.37 0.635382
1769.77 0.692697
1770.16 0.646888
1770.56 0.679454
1770.95 0.584572
1771.35 0.458826
1771.74 0.459289
1772.14 0.281574
1772.53 0.250762
1772.93 0.212244
1773.32 0.113521
1773.72 0.1418
1774.12 0.125902
1774.51 0.163258
1774.91 0.23695
1775.3 0.448235
1775.7 0.375089
1776.09 0.422754
1776.49 0.459282
1776.88 0.388804
1777.28 0.412999
1777.67 0.205613
1778.07 0.134694
1778.46 0.325595
1778.86 0.789331
1779.25 1.06202
1779.65 1.41063
1780.04 1.24636
1780.44 0.694291
1780.83 0.12059
1781.23 0.337708
1781.62 0.420055
1782.02 0.184243
1782.41 0.381529
1782.81 0.606818
1783.2 0.527857
1783.6 0.574572
1783.99 0.622724
1784.39 0.503493
1784.78 0.608087
1785.18 0.524084
1785.57 0.384713
1785.97 0.343391
1786.36 0.127237
1786.76 0.257958
1787.15 0.445364
1787.55 0.535892
1787.94 0.573714
1788.34 0.321799
1788.73 0.0680768
1789.13 0.282976
1789.53 0.357287
1789.92 0.334408
1790.32 0.460659
1790.71 0.369355
1791.11 0.399822
1791.5 0.506907
1791.9 0.351633
1792.29 0.395805
1792.69 0.511262
1793.08 0.395855
1793.48 0.435616
1793.87 0.463722
1794.27 0.393651
1794.66 0.429808
1795.06 0.357688
1795.45 0.382967
1795.85 0.414538
1796.24 0.296144
1796.64 0.361729
1797.03 0.300755
1797.43 0.213099
1797.82 0.264735
1798.22 0.2166
1798.61 0.161394
1799.01 0.251531
1799.4 0.290157
1799.8 0.205128
1800.19 0.33009
1800.59 0.339506
1800.98 0.27065
1801.38 0.403606
1801.77 0.396199
1802.17 0.417186
1802.56 0.470653
1802.96 0.398236
1803.35 0.452846
1803.75 0.49041
1804.14 0.448447
1804.54 0.462531
1804.94 0.452473
1805.33 0.492641
1805.73 0.544504
1806.12 0.45358
1806.52 0.469631
1806.91 0.483568
1807.31 0.417439
1807.7 0.421658
1808.1 0.351094
1808.49 0.351219
1808.89 0.41812
1809.28 0.334818
1809.68 0.364635
1810.07 0.423566
1810.47 0.271051
1810.86 0.305706
1811.26 0.294126
1811.65 0.151671
1812.05 0.150012
1812.44 0.249653
1812.84 0.226913
1813.23 0.403306
1813.63 0.404332
1814.02 0.401233
1814.42 0.564517
1814.81 0.504271
1815.21 0.512505
1815.6 0.567537
1816 0.458591
1816.39 0.448921
1816.79 0.290996
1817.18 0.252572
1817.58 0.230602
1817.97 0.15392
1818.37 0.205234
1818.76 0.257017
1819.16 0.297549
1819.55 0.355977
1819.95 0.455082
1820.34 0.408435
1820.74 0.51374
1821.14 0.464699
1821.53 0.36643
1821.93 0.434828
1822.32 0.216985
1822.72 0.147462
1823.11 0.21459
1823.51 0.196231
1823.9 0.25517
1824.3 0.392493
1824.69 0.400228
1825.09 0.489625
1825.48 0.576375
1825.88 0.519515
1826.27 0.600866
1826.67 0.555252
1827.06 0.557602
1827.46 0.647373
1827.85 0.538566
1828.25 0.578241
1828.64 0.47882
1829.04 0.356164
1829.43 0.424977
1829.83 0.357166
1830.22 0.384286
1830.62 0.437
1831.01 0.279486
1831.41 0.333206
1831.8 0.118871
1832.2 0.0965885
1832.59 0.207882
1832.99 0.261601
1833.38 0.300902
1833.78 0.506844
1834.17 0.576968
1834.57 0.788716
1834.96 1.02302
1835.36 1.11839
1835.75 1.37938
1836.15 1.42242
1836.55 1.65166
1836.94 2.27365
1837.34 4.0605
1837.73 6.53609
1838.13 8.05007
1838.52 6.4512
1838.92 4.18437
1839.31 2.86266
1839.71 1.92937
1840.1 1.32333
1840.5 1.10064
1840.89 0.913922
1841.29 0.618066
1841.68 0.754399
1842.08 0.854021
1842.47 1.05958
1842.87 1.10568
1843.26 1.08225
1843.66 1.17562
1844.05 1.08761
1844.45 1.16382
1844.84 1.09242
1845.24 1.02605
1845.63 0.993145
1846.03 0.883028
1846.42 0.951829
1846.82 0.753167
1847.21 0.688031
1847.61 0.636705
1848 0.514484
1848.4 0.442725
1848.79 0.254899
1849.19 0.240322
1849.58 0.0409186
1849.98 0.152786
1850.37 0.156452
1850.77 0.400947
1851.16 0.414341
1851.56 0.500204
1851.96 0.635773
1852.35 0.601202
1852.75 0.739882
1853.14 0.669727
1853.54 0.667399
1853.93 0.493357
1854.33 0.225035
1854.72 0.158791
1855.12 0.561736
1855.51 0.863849
1855.91 0.975865
1856.3 0.583962
1856.7 0.561794
1857.09 0.538949
1857.49 0.477541
1857.88 0.470632
1858.28 0.325664
1858.67 0.406397
1859.07 0.419435
1859.46 0.580497
1859.86 0.741392
1860.25 0.91999
1860.65 1.4024
1861.04 1.63345
1861.44 1.96855
1861.83 1.96972
1862.23 1.90784
1862.62 1.11925
1863.02 0.549278
1863.41 0.184996
1863.81 0.562083
1864.2 0.764249
1864.6 0.919116
1864.99 0.969244
1865.39 0.958285
1865.78 1.1284
1866.18 1.0379
1866.57 0.998842
1866.97 0.987519
1867.36 0.852458
1867.76 0.789513
1868.16 0.670706
1868.55 0.634162
1868.95 0.593116
1869.34 0.442795
1869.74 0.409861
1870.13 0.443992
1870.53 0.376157
1870.92 0.41211
1871.32 0.433585
1871.71 0.436893
1872.11 0.541593
1872.5 0.450205
1872.9 0.455063
1873.29 0.43308
1873.69 0.280218
1874.08 0.26773
1874.48 0.255042
1874.87 0.206541
1875.27 0.178524
1875.66 0.133091
1876.06 0.168664
1876.45 0.173987
1876.85 0.110058
1877.24 0.21141
1877.64 0.224068
1878.03 0.231208
1878.43 0.266089
1878.82 0.202717
1879.22 0.329305
1879.61 0.292511
1880.01 0.350774
1880.4 0.415651
1880.8 0.400334
1881.19 0.551532
1881.59 0.556141
1881.98 0.672413
1882.38 0.751444
1882.77 0.727858
1883.17 0.854467
1883.57 0.808216
1883.96 0.840643
1884.36 0.904477
1884.75 0.89407
1885.15 1.00888
1885.54 0.897071
1885.94 0.851007
1886.33 0.874338
1886.73 0.722534
1887.12 0.756293
1887.52 0.711427
1887.91 0.673987
1888.31 0.721706
1888.7 0.555696
1889.1 0.589951
1889.49 0.519388
1889.89 0.362176
1890.28 0.446158
1890.68 0.389881
1891.07 0.328492
1891.47 0.346805
1891.86 0.262004
1892.26 0.275544
1892.65 0.158039
1893.05 0.134079
1893.44 0.17253
1893.84 0.13113
1894.23 0.162904
1894.63 0.163535
1895.02 0.318876
1895.42 0.294144
1895.81 0.312329
1896.21 0.468004
1896.6 0.395353
1897 0.506759
1897.39 0.528255
1897.79 0.462586
1898.18 0.476465
1898.58 0.356805
1898.98 0.333603
1899.37 0.378536
1899.77 0.284381
1900.16 0.382827
1900.56 0.493133
1900.95 0.411395
1901.35 0.528139
1901.74 0.540946
1902.14 0.498496
1902.53 0.541931
1902.93 0.497351
1903.32 0.564877
1903.72 0.541002
1904.11 0.450928
1904.51 0.517627
1904.9 0.43584
1905.3 0.431777
1905.69 0.411214
1906.09 0.362389
1906.48 0.392778
1906.88 0.296036
1907.27 0.33204
1907.67 0.303695
1908.06 0.269324
1908.46 0.324687
1908.85 0.227791
1909.25 0.347589
1909.64 0.350715
1910.04 0.269722
1910.43 0.405314
1910.83 0.338317
1911.22 0.347879
1911.62 0.433911
1912.01 0.317154
1912.41 0.441233
1912.8 0.452632
1913.2 0.417344
1913.59 0.55021
1913.99 0.492726
1914.38 0.568921
1914.78 0.607446
1915.18 0.511765
1915.57 0.63719
1915.97 0.526231
1916.36 0.473352
1916.76 0.491276
1917.15 0.332605
1917.55 0.358779
1917.94 0.249551
1918.34 0.142097
1918.73 0.250846
1919.13 0.162741
1919.52 0.170332
1919.92 0.178789
1920.31 0.146324
1920.71 0.189767
1921.1 0.13258
1921.5 0.25056
1921.89 0.215798
1922.29 0.272974
1922.68 0.382788
1923.08 0.355295
1923.47 0.497159
1923.87 0.498288
1924.26 0.574088
1924.66 0.664736
1925.05 0.616905
1925.45 0.715745
1925.84 0.688764
1926.24 0.652127
1926.63 0.682796
1927.03 0.57592
1927.42 0.617568
1927.82 0.541733
1928.21 0.479889
1928.61 0.525207
1929 0.450843
1929.4 0.416965
1929.79 0.434151
1930.19 0.327351
1930.59 0.382372
1930.98 0.365786
1931.38 0.287616
1931.77 0.410931
1932.17 0.417102
1932.56 0.354295
1932.96 0.486511
1933.35 0.458427
1933.75 0.452875
1934.14 0.493283
1934.54 0.448219
1934.93 0.506281
1935.33 0.416871
1935.72 0.333645
1936.12 0.441584
1936.51 0.373811
1936.91 0.309841
1937.3 0.358393
1937.7 0.30601
1938.09 0.295249
1938.49 0.328499
1938.88 0.238597
1939.28 0.259351
1939.67 0.279327
1940.07 0.223819
1940.46 0.319366
1940.86 0.379427
1941.25 0.336041
1941.65 0.472745
1942.04 0.533179
1942.44 0.511478
1942.83 0.645629
1943.23 0.630218
1943.62 0.630026
1944.02 0.663168
1944.41 0.603411
1944.81 0.655162
1945.2 0.605044
1945.6 0.489415
1945.99 0.573366
1946.39 0.457126
1946.79 0.397543
1947.18 0.447162
1947.58 0.286862
1947.97 0.309326
1948.37 0.316208
1948.76 0.214879
1949.16 0.317215
1949.55 0.357767
1949.95 0.305814
1950.34 0.410794
1950.74 0.42564
1951.13 0.37298
1951.53 0.463749
1951.92 0.388699
1952.32 0.364207
1952.71 0.433357
1953.11 0.290178
1953.5 0.309975
1953.9 0.346685
1954.29 0.244164
1954.69 0.309232
1955.08 0.300944
1955.48 0.223934
1955.87 0.344744
1956.27 0.201542
1956.66 0.129662
1957.06 0.306694
1957.45 0.270853
1957.85 0.278357
1958.24 0.466863
1958.64 0.430565
1959.03 0.491145
1959.43 0.539849
1959.82 0.515998
1960.22 0.62603
1960.61 0.282825
1961.01 0.377311
1961.4 0.631602
1961.8 0.529884
1962.2 0.234379
1962.59 0.198578
1962.99 0.423339
1963.38 0.465958
1963.78 0.578116
1964.17 0.411962
1964.57 0.502098
1964.96 0.406874
1965.36 0.347918
1965.75 0.800346
1966.15 0.69848
1966.54 1.06643
1966.94 0.853205
1967.33 0.365303
1967.73 0.759165
1968.12 0.559347
1968.52 0.433497
1968.91 0.24042
1969.31 0.120554
1969.7 0.132177
1970.1 0.0997372
1970.49 0.193213
1970.89 0.18318
1971.28 0.321278
1971.68 0.334492
1972.07 0.38806
1972.47 0.44606
1972.86 0.376143
1973.26 0.475882
1973.65 0.459742
1974.05 0.391233
1974.44 0.431838
1974.84 0.316244
1975.23 0.338123
1975.63 0.441504
1976.02 0.373704
1976.42 0.484574
1976.81 0.540113
1977.21 0.451427
1977.61 0.505908
1978 0.459265
1978.4 0.400201
1978.79 0.451018
1979.19 0.358907
1979.58 0.363033
1979.98 0.340397
1980.37 0.241317
1980.77 0.300949
1981.16 0.226481
1981.56 0.164405
1981.95 0.233101
1982.35 0.114669
1982.74 0.12679
1983.14 0.10833
1983.53 0.0634028
1983.93 0.0565204
1984.32 0.0986224
1984.72 0.14415
1985.11 0.12284
1985.51 0.19041
1985.9 0.135213
1986.3 0.212302
1986.69 0.248131
1987.09 0.186359
1987.48 0.275339
1987.88 0.168646
1988.27 0.152865
1988.67 0.166853
1989.06 0.0891417
1989.46 0.140141
1989.85 0.0677302
1990.25 0.0203356
1990.64 0.108288
1991.04 0.0601724
1991.43 0.0322429
1991.83 0.101286
1992.22 0.0137388
1992.62 0.068876
1993.01 0.00185987
1993.41 0.145464
1993.81 0.111023
1994.2 0.175632
1994.6 0.199955
1994.99 0.170032
1995.39 0.290836
1995.78 0.208979
1996.18 0.256533
1996.57 0.332051
1996.97 0.232503
1997.36 0.313027
1997.76 0.234082
1998.15 0.208686
1998.55 0.249818
1998.94 0.130793
1999.34 0.164758
1999.73 0.149708
2000.13 0.105452
2000.52 0.207167
2000.92 0.301112
2001.31 0.272997
2001.71 0.368001
2002.1 0.321373
2002.5 0.313861
2002.89 0.424207
2003.29 0.358211
2003.68 0.394089
2004.08 0.477394
2004.47 0.386038
2004.87 0.464137
2005.26 0.48231
2005.66 0.449204
2006.05 0.494146
2006.45 0.395138
2006.84 0.408238
2007.24 0.415709
2007.63 0.286603
2008.03 0.365375
2008.42 0.253396
2008.82 0.207734
2009.22 0.284467
2009.61 0.204756
2010.01 0.227489
2010.4 0.251145
2010.8 0.18215
2011.19 0.223012
2011.59 0.18635
2011.98 0.136884
2012.38 0.20495
2012.77 0.125971
2013.17 0.155868
2013.56 0.162433
2013.96 0.0786457
2014.35 0.178827
2014.75 0.0797433
2015.14 0.0798385
2015.54 0.134749
2015.93 0.0659454
2016.33 0.125839
2016.72 0.0877478
2017.12 0.0660274
2017.51 0.181563
2017.91 0.130227
2018.3 0.197932
2018.7 0.226096
2019.09 0.137202
2019.49 0.256059
2019.88 0.140978
2020.28 0.153081
2020.67 0.12113
2021.07 0.0607476
2021.46 0.0688456
2021.86 0.0936244
2022.25 0.058991
2022.65 0.101774
2023.04 0.08253
2023.44 0.0990447
2023.83 0.192543
2024.23 0.137939
2024.63 0.236607
2025.02 0.253477
2025.42 0.179078
2025.81 0.263666
2026.21 0.197894
2026.6 0.222094
2027 0.278904
2027.39 0.170624
2027.79 0.208767
2028.18 0.148916
2028.58 0.0691528
2028.97 0.136982
2029.37 0.11955
2029.76 0.121523
2030.16 0.227821
2030.55 0.141378
2030.95 0.170934
2031.34 0.25039
2031.74 0.154587
2032.13 0.240394
2032.53 0.226642
2032.92 0.144862
2033.32 0.276877
2033.71 0.229005
2034.11 0.236701
2034.5 0.267941
2034.9 0.150407
2035.29 0.173147
2035.69 0.122544
2036.08 0.0780679
2036.48 0.124791
2036.87 0.0700539
2037.27 0.0162391
2037.66 0.0963275
2038.06 0.169681
2038.45 0.135663
2038.85 0.306821
2039.24 0.263412
2039.64 0.262628
2040.03 0.404397
2040.43 0.341178
2040.83 0.419885
2041.22 0.412515
2041.62 0.344579
2042.01 0.394418
2042.41 0.314327
2042.8 0.373201
2043.2 0.414465
2043.59 0.280003
2043.99 0.3376
2044.38 0.424031
2044.78 0.499714
2045.17 0.382576
2045.57 0.286135
2045.96 0.241929
2046.36 0.310057
2046.75 0.280225
2047.15 0.292812
2047.54 0.344245
2047.94 0.22685
2048.33 0.236869
2048.73 0.374485
2049.12 0.325491
2049.52 0.348765
2049.91 0.263229
2050.31 0.246255
2050.7 0.335803
2051.1 0.278173
2051.49 0.427015
2051.89 0.478877
2052.28 0.819495
2052.68 1.04808
2053.07 1.66387
2053.47 1.82709
2053.86 0.978869
2054.26 0.429875
2054.65 0.57455
2055.05 0.72521
2055.44 0.538143
2055.84 0.43714
2056.24 0.548285
2056.63 0.458375
2057.03 0.452677
2057.42 0.455239
2057.82 0.399064
2058.21 0.433843
2058.61 0.413059
2059 0.426833
2059.4 0.545588
2059.79 0.45115
2060.19 0.490742
2060.58 0.513108
2060.98 0.435801
2061.37 0.510116
2061.77 0.402123
2062.16 0.415924
2062.56 0.451973
2062.95 0.350017
2063.35 0.418967
2063.74 0.33059
2064.14 0.358225
2064.53 0.3783
2064.93 0.289961
2065.32 0.429983
2065.72 0.430245
2066.11 0.393797
2066.51 0.509216
2066.9 0.513141
2067.3 0.602054
2067.69 0.569564
2068.09 0.596723
2068.48 0.748806
2068.88 0.621141
2069.27 0.687604
2069.67 0.740949
2070.06 0.671744
2070.46 0.728968
2070.85 0.588027
2071.25 0.551468
2071.65 0.551172
2072.04 0.424951
2072.44 0.462567
2072.83 0.44717
2073.23 0.378689
2073.62 0.438783
2074.02 0.311084
2074.41 0.315452
2074.81 0.217164
2075.2 0.133608
2075.6 0.18121
2075.99 0.0357453
2076.39 0.11056
2076.78 0.0731345
2077.18 0.224513
2077.57 0.215337
2077.97 0.260651
2078.36 0.388398
2078.76 0.315468
2079.15 0.349736
2079.55 0.377736
2079.94 0.389366
2080.34 0.384107
2080.73 0.294116
2081.13 0.357619
2081.52 0.301616
2081.92 0.175457
2082.31 0.314232
2082.71 0.269827
2083.1 0.270947
2083.5 0.360771
2083.89 0.259027
2084.29 0.330127
2084.68 0.338742
2085.08 0.248708
2085.47 0.384953
2085.87 0.338651
2086.26 0.224894
2086.66 0.312973
2087.05 0.176365
2087.45 0.17431
2087.85 0.110899
2088.24 0.0700087
2088.64 0.101717
2089.03 0.0727018
2089.43 0.0845798
2089.82 0.0921771
2090.22 0.0946886
2090.61 0.0866716
2091.01 0.0771498
2091.4 0.185862
2091.8 0.208461
2092.19 0.230727
2092.59 0.243369
2092.98 0.19828
2093.38 0.340595
2093.77 0.41864
2094.17 0.365241
2094.56 0.513121
2094.96 0.483313
2095.35 0.538301
2095.75 0.615603
2096.14 0.554044
2096.54 0.656864
2096.93 0.662501
2097.33 0.585845
2097.72 0.629965
2098.12 0.518926
2098.51 0.592988
2098.91 0.450301
2099.3 0.268194
2099.7 0.0645652
2100.09 0.431807
2100.49 0.242455
2100.88 0.418201
2101.28 2.1251
2101.67 3.17154
2102.07 2.05133
2102.46 1.34279
2102.86 1.05664
2103.26 0.66755
2103.65 0.376108
2104.05 0.258315
2104.44 0.281337
2104.84 0.199813
2105.23 0.316888
2105.63 0.29661
2106.02 0.244822
2106.42 0.266159
2106.81 0.289445
2107.21 0.223623
2107.6 0.25242
2108 0.281691
2108.39 0.30163
2108.79 0.250435
2109.18 0.217336
2109.58 0.133719
2109.97 0.0681557
2110.37 0.172642
2110.76 0.282862
2111.16 0.431469
2111.55 0.55564
2111.95 0.696857
2112.34 0.699805
2112.74 0.948123
2113.13 1.20763
2113.53 1.25979
2113.92 1.46076
2114.32 1.8938
2114.71 2.55569
2115.11 4.10648
2115.5 4.88303
2115.9 3.07123
2116.29 1.88927
2116.69 1.2854
2117.08 1.33606
2117.48 0.967057
2117.87 0.910025
2118.27 0.656682
2118.66 0.696351
2119.06 0.456067
2119.46 0.567537
2119.85 0.521545
2120.25 0.511321
2120.64 0.484143
2121.04 0.493329
2121.43 0.55451
2121.83 0.36318
2122.22 0.477879
2122.62 0.391947
2123.01 0.437479
2123.41 0.35446
2123.8 0.36597
2124.2 0.436368
2124.59 0.428817
2124.99 0.581458
2125.38 0.44009
2125.78 0.473749
2126.17 0.408699
2126.57 0.426993
2126.96 0.382691
2127.36 0.238846
2127.75 0.242514
2128.15 0.127062
2128.54 0.153993
2128.94 0.132662
2129.33 0.0368354
2129.73 0.120618
2130.12 0.167943
2130.52 0.0951893
2130.91 0.249916
2131.31 0.238748
2131.7 0.251742
2132.1 0.340086
2132.49 0.300075
2132.89 0.424207
2133.28 0.322965
2133.68 0.36013
2134.07 0.36427
2134.47 0.320629
2134.87 0.348364
2135.26 0.184069
2135.66 0.267131
2136.05 0.188855
2136.45 0.226904
2136.84 0.197707
2137.24 0.148749
2137.63 0.205571
2138.03 0.0687493
2138.42 0.150564
2138.82 0.189605
2139.21 0.126613
2139.61 0.240499
2140 0.187811
2140.4 0.176227
2140.79 0.293942
2141.19 0.184458
2141.58 0.198504
2141.98 0.180665
2142.37 0.0924634
2142.77 0.1195
2143.16 0.0244089
2143.56 0.0531669
2143.95 0.104895
2144.35 0.212523
2144.74 0.178885
2145.14 0.236248
2145.53 0.29361
2145.93 0.324137
2146.32 0.357557
2146.72 0.30801
2147.11 0.408192
2147.51 0.322758
2147.9 0.283567
2148.3 0.336533
2148.69 0.194498
2149.09 0.248759
2149.48 0.19007
2149.88 0.120964
2150.28 0.194058
2150.67 0.0639256
2151.07 0.0649431
2151.46 0.0834879
2151.86 0.0418487
2152.25 0.0814108
2152.65 0.0567944
2153.04 0.14136
2153.44 0.117231
2153.83 0.252115
2154.23 0.267102
2154.62 0.199725
2155.02 0.398007
2155.41 0.423164
2155.81 0.527534
2156.2 0.653469
2156.6 0.788399
2156.99 0.996925
2157.39 0.75914
2157.78 0.702192
2158.18 1.56649
2158.57 2.86915
2158.97 2.56822
2159.36 2.19508
2159.76 1.92737
2160.15 1.53117
2160.55 1.20369
2160.94 0.879905
2161.34 0.722575
2161.73 0.534316
2162.13 0.512452
2162.52 0.456962
2162.92 0.393874
2163.31 0.399652
2163.71 0.215326
2164.1 0.185963
2164.5 0.0992792
2164.89 0.176757
2165.29 0.159084
2165.68 0.295401
2166.08 0.368294
2166.48 0.393658
2166.87 0.537101
2167.27 0.469587
2167.66 0.550757
2168.06 0.584528
2168.45 0.601381
2168.85 0.690039
2169.24 0.558275
2169.64 0.560699
2170.03 0.47683
2170.43 0.365218
2170.82 0.34468
2171.22 0.268193
2171.61 0.282106
2172.01 0.300178
2172.4 0.187318
2172.8 0.229991
2173.19 0.22094
2173.59 0.12554
2173.98 0.127714
2174.38 0.0534353
2174.77 0.0370255
2175.17 0.123016
2175.56 0.121862
2175.96 0.108753
2176.35 0.229733
2176.75 0.183653
2177.14 0.219425
2177.54 0.290525
2177.93 0.209269
2178.33 0.273401
2178.72 0.25314
2179.12 0.193198
2179.51 0.267255
2179.91 0.123616
2180.3 0.134296
2180.7 0.221655
2181.09 0.0960389
2181.49 0.113698
2181.89 0.229295
2182.28 0.151775
2182.68 0.194114
2183.07 0.267022
2183.47 0.186551
2183.86 0.222047
2184.26 0.209153
2184.65 0.188895
2185.05 0.233825
2185.44 0.0916184
2185.84 0.165679
2186.23 0.130517
2186.63 0.0125416
2187.02 0.11396
2187.42 0.0888703
2187.81 0.0236607
2188.21 0.105257
2188.6 0.0427982
2189 0.0270076
2189.39 0.0856148
2189.79 0.102117
2190.18 0.0298222
2190.58 0.123977
2190.97 0.0999277
2191.37 0.0921975
2191.76 0.169828
2192.16 0.0974445
2192.55 0.128236
2192.95 0.147919
2193.34 0.0748272
2193.74 0.138435
2194.13 0.0963116
2194.53 0.0883744
2194.92 0.214159
2195.32 0.180372
2195.71 0.158926
2196.11 0.280552
2196.5 0.21169
2196.9 0.283958
2197.3 0.301817
2197.69 0.244744
2198.09 0.323716
2198.48 0.277947
2198.88 0.244772
2199.27 0.313313
2199.67 0.244639
2200.06 0.278381
2200.46 0.277136
2200.85 0.23899
2201.25 0.341672
2201.64 0.268785
2202.04 0.259491
2202.43 0.300002
2202.83 0.187212
2203.22 0.258315
2203.62 0.236247
2204.01 0.156703
2204.41 0.254768
